,x,y,elevation,demand,tw a,tw b,s,0,1,2,3,4,5,6,7,8,9,10,11,12,13,14,15,16,17,18,19,20,21,22,23,24,25,26,27,28,29,30,31,32,33,34,35,36,37,38,39,40,41,42,43,44,45,46,47,48,49,50,51,52,53,54,55,56,57,58,59,60,61,62,63,64,65,66,67,68,69,70,71,72,73,74,75,76,77,78,79,80,81,82,83,84,85,86,87,88,89,90,91,92,93,94,95,96,97,98,99,100
0,40.40854,-3.69236,624.4503174,,,,,0.0,1.902,0.404,1.924,2.167,1.58,1.557,1.763,2.401,1.103,1.858,1.625,1.398,2.559,1.59,0.999,1.119,2.354,1.255,1.675,0.913,0.73,2.195,0.705,2.147,1.978,1.203,2.356,2.063,0.936,1.703,2.067,2.274,1.837,0.633,1.458,0.51,0.703,2.253,2.253,1.203,1.335,1.405,2.151,1.917,1.628,1.506,1.589,1.541,1.059,1.712,2.143,1.245,1.293,1.576,1.929,1.072,1.792,1.24,1.004,1.693,2.087,0.672,1.327,0.62,1.44,1.96,1.282,1.552,0.699,2.173,1.891,1.635,1.044,1.404,2.159,0.741,0.865,0.282,2.423,0.656,1.501,2.159,1.508,0.886,1.537,2.245,0.776,1.607,1.139,1.919,1.91,1.985,2.611,0.45,1.612,2.187,1.455,0.865,1.752,1.948
1,40.4183387,-3.701572757,656.8322754,7.0,25.0,118.0,5.0,1.902,0.0,2.036,0.678,0.921,1.555,1.531,0.789,1.7,1.375,0.459,0.273,1.594,1.984,1.832,1.46,1.639,1.44,0.887,0.226,1.257,2.362,0.948,1.84,1.137,1.131,0.985,1.11,1.33,1.459,1.812,0.166,1.027,0.693,1.547,1.35,2.143,1.838,1.171,0.37,0.934,1.104,1.126,1.273,0.566,0.379,0.386,0.669,0.807,1.256,0.535,0.657,0.877,0.926,1.397,1.665,0.83,0.615,0.768,1.149,0.911,0.84,2.304,1.618,2.253,1.455,0.713,1.67,1.662,1.835,0.289,1.329,1.865,0.905,0.671,1.15,1.508,1.466,1.914,1.803,1.404,1.533,2.054,0.629,1.404,0.804,1.544,1.478,0.873,1.527,0.673,1.125,1.199,2.506,2.457,1.382,0.94,1.353,2.274,0.353,1.386
2,40.40746553,-3.694049076,622.8028564,7.0,19.0,81.0,5.0,0.404,2.036,0.0,2.355,2.598,1.176,1.153,2.786,1.997,1.398,2.288,2.27,0.994,2.155,1.186,1.294,1.414,1.95,1.685,2.321,1.064,0.399,2.626,0.252,2.577,1.574,1.848,2.787,2.362,1.231,1.299,2.119,2.704,1.719,0.928,1.054,0.106,0.254,1.849,2.898,1.848,1.629,1.76,1.747,2.562,2.058,1.937,2.234,1.971,1.005,2.143,2.574,1.675,1.724,1.172,1.525,1.717,2.223,1.391,1.155,2.338,2.518,0.341,0.923,0.289,1.037,2.39,0.879,1.148,0.295,2.818,2.001,1.231,1.195,1.835,2.59,1.035,1.16,0.576,2.019,0.807,1.097,1.755,1.938,1.277,1.967,1.841,1.421,2.058,0.735,2.35,1.506,1.581,2.207,0.244,1.907,2.618,1.051,0.534,2.398,2.059
3,40.417852,-3.706603398,644.4639282,14.0,61.0,108.0,5.0,1.924,0.678,2.355,0.0,0.422,1.81,1.787,1.333,1.955,1.874,0.535,1.135,1.849,1.701,2.087,1.752,2.012,1.158,1.062,1.185,1.55,2.655,0.449,2.132,0.854,1.386,1.277,0.611,1.047,1.829,2.067,0.622,0.528,0.985,1.839,1.437,2.435,2.13,0.888,1.088,1.227,1.604,1.212,0.99,1.109,0.671,0.641,0.962,0.917,1.549,0.827,0.41,1.052,1.1,1.484,1.639,1.122,0.907,1.061,1.441,1.203,0.341,2.597,1.874,2.545,1.71,0.127,1.925,1.748,2.128,1.007,1.046,2.12,1.198,0.769,0.867,1.8,1.758,2.206,1.52,1.696,1.619,1.772,0.884,1.49,1.059,1.799,1.511,1.129,1.782,0.035,1.38,1.454,2.224,2.749,1.881,0.317,1.44,2.529,1.262,1.103
4,40.41724318,-3.708357048,642.1918945,15.0,22.0,67.0,5.0,2.167,0.921,2.598,0.422,0.0,1.803,1.78,1.644,1.05,1.868,0.715,1.129,1.842,1.575,2.081,1.745,2.005,1.032,1.055,1.179,1.543,2.648,0.34,2.126,0.728,1.38,1.271,0.501,0.921,1.823,2.06,0.615,0.418,0.978,1.833,1.43,2.429,2.124,0.762,1.278,1.22,1.597,1.206,0.864,1.421,0.665,0.635,0.955,0.911,1.542,0.821,0.523,1.045,1.094,1.477,1.513,1.116,0.901,1.054,1.435,1.197,0.232,2.59,1.867,2.538,1.703,0.104,1.919,1.742,2.121,1.197,0.92,2.114,1.191,0.762,0.741,1.794,1.752,2.2,1.394,1.69,1.613,1.645,0.878,1.484,1.053,1.792,1.505,1.122,1.776,0.178,1.374,1.448,2.097,2.743,1.875,0.332,1.433,2.522,1.256,0.977
5,40.40814143,-3.702318939,626.2835083,14.0,1.0,37.0,5.0,1.58,1.555,1.176,1.81,1.803,0.0,0.023,2.108,1.207,1.89,1.492,1.592,0.317,1.438,0.929,1.645,1.905,1.16,1.007,1.643,0.745,1.487,1.78,0.614,1.732,0.638,1.171,1.941,1.446,1.723,1.043,1.322,1.859,1.442,1.547,0.377,1.26,0.616,0.932,1.673,1.17,2.061,0.886,0.948,1.885,1.305,1.14,1.525,1.218,1.218,1.39,1.728,0.997,0.806,0.495,1.269,1.039,1.47,1.518,1.335,1.661,1.672,1.429,0.064,1.457,0.162,1.545,0.061,0.614,0.578,1.592,1.202,0.974,1.445,0.989,1.744,1.694,1.652,1.26,1.438,1.019,0.419,1.499,1.186,0.599,1.122,1.051,0.743,0.697,0.243,1.505,0.632,0.707,1.951,1.332,2.339,1.772,0.373,0.992,1.72,1.259
6,40.40771086,-3.702313018,621.5513916,5.0,8.0,35.0,5.0,1.557,1.531,1.153,1.787,1.78,0.023,0.0,2.131,1.23,1.913,1.515,1.616,0.34,1.461,0.952,1.669,1.928,1.183,1.03,1.666,0.768,1.51,1.804,0.637,1.755,0.662,1.194,1.965,1.469,1.746,0.428,1.345,1.882,1.465,1.57,0.4,1.283,0.639,0.955,1.696,1.193,2.084,0.909,0.971,1.908,1.329,1.163,1.548,1.241,1.241,1.413,1.751,1.02,0.829,0.518,1.292,1.062,1.493,1.541,1.358,1.684,1.695,1.452,0.087,1.48,0.186,1.568,0.085,0.637,0.601,1.615,1.225,0.997,1.468,1.013,1.768,1.717,1.675,1.283,1.461,1.042,0.442,1.522,1.209,0.622,1.145,1.074,0.767,0.72,0.266,1.528,0.656,0.73,1.974,1.355,2.362,1.795,0.396,1.015,1.743,1.282
7,40.41950751,-3.69658638,646.8131714,9.0,51.0,71.0,5.0,1.763,0.789,2.786,1.333,1.644,2.108,2.131,0.0,2.46,1.209,1.069,0.578,2.261,2.614,2.592,1.546,1.473,2.07,1.368,0.628,1.573,2.604,1.504,2.156,1.767,1.891,1.384,1.538,1.96,1.293,2.572,0.835,1.456,0.905,1.633,1.743,2.385,2.154,1.801,0.827,1.251,0.938,1.518,1.903,0.807,0.889,1.147,0.985,1.123,1.606,0.851,0.98,1.358,1.406,1.79,2.426,1.146,0.931,1.084,1.21,0.474,1.47,2.546,2.379,2.495,2.014,1.198,2.222,2.093,2.151,0.746,1.959,2.625,0.93,1.432,1.78,1.594,1.432,2.156,2.433,1.72,1.925,2.684,1.254,1.905,1.564,2.304,1.794,1.634,2.079,1.303,1.885,1.96,3.136,2.543,1.216,1.166,1.746,2.739,0.705,2.016
8,40.41079884,-3.708425522,647.0654297,15.0,25.0,108.0,5.0,2.401,1.7,1.997,1.955,1.05,1.207,1.23,2.46,0.0,2.252,1.456,1.663,1.336,0.407,0.612,2.007,2.267,0.04,0.825,1.714,1.364,2.166,1.382,1.725,0.769,0.603,1.533,1.247,0.801,2.085,0.592,1.174,1.461,1.513,2.095,1.092,1.939,1.723,0.288,1.525,1.532,2.132,0.868,0.186,1.956,1.271,1.112,1.49,1.184,1.824,1.355,1.33,0.836,0.787,1.139,0.521,1.278,1.435,1.589,1.697,1.732,1.274,2.108,1.085,2.146,1.197,0.901,1.083,1.404,1.721,1.444,0.44,0.645,1.807,0.961,0.974,2.056,2.014,1.887,0.402,1.625,1.275,0.653,1.151,1.146,0.628,0.324,1.167,0.497,1.269,1.107,0.856,0.26,1.105,2.268,2.41,1.374,1.095,1.671,1.791,0.497
9,40.41760203,-3.693450844,639.6446533,5.0,42.0,78.0,5.0,1.103,1.375,1.398,1.874,1.868,1.89,1.913,1.209,2.252,0.0,1.69,0.954,2.065,2.871,2.746,0.828,0.15,2.328,1.433,1.005,1.282,1.887,2.001,1.722,2.025,2.129,1.13,2.162,2.218,0.535,2.86,1.397,2.079,0.724,0.916,1.808,1.667,1.72,2.059,1.582,0.979,0.221,1.584,2.16,1.246,1.115,1.385,1.086,1.292,0.888,1.077,1.888,1.423,1.472,1.867,2.664,1.211,1.157,0.725,1.029,1.022,1.893,1.829,2.484,1.777,2.08,1.766,2.439,1.898,1.718,1.502,2.217,2.792,0.749,1.67,2.038,0.877,0.714,1.439,2.691,1.366,2.003,2.942,1.422,1.709,1.802,2.542,1.599,1.872,2.296,1.725,2.123,2.198,3.394,1.826,0.498,1.993,1.811,2.022,1.082,2.274
10,40.41845145,-3.705068885,651.5419922,12.0,29.0,117.0,5.0,1.858,0.459,2.288,0.535,0.715,1.492,1.515,1.069,1.456,1.69,0.0,1.227,1.941,1.793,2.179,1.844,1.866,1.25,1.154,1.278,1.642,2.747,0.758,2.224,0.947,1.478,1.369,0.919,1.139,1.686,2.159,0.285,0.836,1.077,1.932,1.529,2.527,2.222,0.98,0.835,1.319,1.331,1.304,1.082,0.856,0.763,0.733,1.054,1.009,1.641,0.919,0.192,1.144,1.192,1.576,1.731,1.214,0.999,1.153,1.534,1.295,0.65,2.689,1.966,2.637,1.802,0.41,2.017,1.84,2.22,0.754,1.138,2.212,1.29,0.861,0.959,1.892,1.85,2.299,1.612,1.788,1.711,1.864,0.977,1.582,1.151,1.891,1.603,1.221,1.874,0.482,1.472,1.547,2.316,2.842,1.609,0.499,1.532,2.621,1.355,1.195
11,40.41823048,-3.699024786,654.1351929,11.0,55.0,104.0,5.0,1.625,0.273,2.27,1.135,1.129,1.592,1.616,0.578,1.663,0.954,1.227,0.0,1.68,2.052,2.011,1.278,1.068,1.509,0.787,0.047,0.992,2.097,1.182,1.575,1.206,1.31,0.803,1.343,1.399,0.889,1.991,0.439,1.26,0.427,1.365,1.161,1.878,1.573,1.24,0.625,0.669,0.534,0.937,1.341,0.289,0.308,0.566,0.404,0.542,0.991,0.27,0.93,0.776,0.825,1.209,1.844,0.565,0.35,0.503,0.967,0.134,1.074,2.039,1.798,1.987,1.433,0.947,1.641,1.512,1.57,0.544,1.398,2.044,0.64,0.851,1.219,1.326,1.284,1.649,1.872,1.139,1.344,2.123,0.673,1.324,0.983,1.723,1.213,1.053,1.497,0.906,1.304,1.379,2.575,2.275,0.811,1.174,1.165,2.453,0.124,1.455
12,40.4092061,-3.69963233,629.4156494,10.0,66.0,93.0,5.0,1.398,1.594,0.994,1.849,1.842,0.317,0.34,2.261,1.336,2.065,1.941,1.68,0.0,2.122,0.936,1.329,1.588,1.644,0.905,1.326,0.428,1.365,1.846,0.668,1.797,1.515,0.854,2.007,1.713,1.406,1.05,1.718,1.924,1.125,1.217,0.361,1.18,0.666,1.374,1.904,0.853,1.744,1.056,1.476,1.568,1.278,1.157,1.239,1.191,0.888,1.363,1.794,0.895,0.944,0.696,1.276,0.722,1.443,1.201,1.018,1.344,1.738,1.306,0.511,1.334,0.304,1.61,0.394,0.347,0.664,1.823,1.541,0.982,1.128,1.055,1.81,1.377,1.335,0.951,2.006,0.689,0.28,1.506,1.159,0.537,1.188,1.927,0.427,1.257,0.25,1.57,1.509,1.583,1.958,1.333,2.022,1.838,0.358,0.869,1.403,1.599
13,40.41095,-3.711218234,641.0689697,13.0,33.0,63.0,5.0,2.559,1.984,2.155,1.701,1.575,1.438,1.461,2.614,0.407,2.871,1.793,2.052,2.122,0.0,0.836,2.232,2.492,0.315,1.05,2.391,1.589,2.39,1.575,1.95,1.084,1.087,1.757,1.423,0.564,2.309,0.895,1.827,1.387,2.19,2.32,1.317,2.163,1.948,0.512,2.178,1.757,2.809,1.092,0.411,2.633,1.876,1.847,2.167,1.408,2.049,2.033,2.005,1.06,1.012,1.364,0.547,1.503,2.112,2.266,1.922,2.409,1.714,2.332,1.61,2.37,1.421,1.587,1.607,1.629,1.946,2.097,0.529,0.789,2.031,1.186,0.948,2.28,2.238,2.112,0.404,1.85,1.499,0.68,1.376,1.37,0.853,0.441,1.391,0.721,1.494,1.546,1.081,1.155,1.132,2.493,3.087,1.814,1.32,1.895,2.468,0.587
14,40.40576912,-3.707047824,610.628418,15.0,41.0,102.0,5.0,1.59,1.832,1.186,2.087,2.081,0.929,0.952,2.592,0.612,2.746,2.179,2.011,0.936,0.836,0.0,2.352,2.565,0.877,1.582,2.349,1.451,1.551,2.518,1.321,1.629,1.104,1.877,1.968,1.892,2.383,0.058,2.06,1.932,2.148,2.253,1.083,1.323,1.322,1.379,2.411,1.876,2.767,1.624,1.277,2.591,2.043,1.878,2.263,1.956,1.924,2.128,2.466,1.703,1.544,1.201,0.336,2.051,2.208,2.224,2.041,2.367,2.41,1.492,0.77,1.531,0.869,2.283,0.768,1.32,1.284,2.33,1.531,0.042,2.151,1.727,1.493,2.187,2.312,1.323,0.83,1.725,1.125,0.566,1.924,1.305,1.86,1.371,1.45,1.588,0.949,2.243,1.17,1.245,1.018,1.395,3.045,2.51,1.079,1.055,2.426,1.588
15,40.41335989,-3.693978416,632.5497437,12.0,48.0,99.0,5.0,0.999,1.46,1.294,1.752,1.745,1.645,1.669,1.546,2.007,0.828,1.844,1.278,1.329,2.232,2.352,0.0,0.678,2.026,1.287,1.135,0.492,1.097,2.228,0.932,2.046,1.897,0.6,2.389,2.095,0.495,2.07,1.527,2.306,1.064,0.132,1.394,0.877,0.93,1.756,1.713,0.826,0.893,1.438,1.858,1.377,1.136,1.539,1.108,1.138,0.35,1.098,1.754,1.277,1.326,1.077,2.296,0.695,1.178,0.735,0.499,1.153,2.12,1.039,1.694,0.987,1.807,1.992,1.649,1.108,0.928,1.632,1.923,2.002,0.539,1.437,2.059,0.321,0.424,0.649,2.388,0.576,1.213,2.526,1.541,0.919,1.569,2.309,0.809,1.639,1.506,1.952,1.891,1.965,2.978,1.036,1.171,2.22,1.391,1.232,1.212,1.98
16,40.41692445,-3.69242815,641.2315674,11.0,61.0,106.0,5.0,1.119,1.639,1.414,2.012,2.005,1.905,1.928,1.473,2.267,0.15,1.866,1.068,1.588,2.492,2.565,0.678,0.0,2.518,1.78,1.165,0.985,1.59,1.866,1.425,1.89,2.389,0.864,2.027,2.083,0.239,2.563,1.557,1.944,0.884,0.619,1.887,1.37,1.423,2.249,1.743,0.694,0.381,1.931,2.351,1.407,0.98,1.25,0.951,1.006,0.591,0.942,2.048,1.77,1.818,1.57,2.789,0.926,1.022,0.579,0.763,1.183,1.758,1.531,2.186,1.48,2.3,1.631,2.142,1.6,1.421,1.662,2.416,2.494,0.803,1.93,1.903,0.579,0.417,1.141,2.881,1.069,1.706,3.019,1.137,1.412,2.062,2.802,1.301,2.132,1.999,1.59,2.383,2.458,3.471,1.528,0.659,1.858,1.884,1.725,1.242,2.473
17,40.41075069,-3.709005987,643.1732178,8.0,39.0,77.0,5.0,2.354,1.44,1.95,1.158,1.032,1.16,1.183,2.07,0.04,2.328,1.25,1.509,1.644,0.315,0.877,2.026,2.518,0.0,0.807,1.696,1.346,2.324,1.364,1.707,0.751,0.844,1.514,1.229,0.783,2.066,0.829,1.155,1.443,1.495,2.077,1.074,2.097,1.705,0.269,1.506,1.514,2.114,0.849,0.168,1.937,1.253,1.094,1.472,1.166,1.806,1.337,1.312,0.817,0.769,1.121,0.481,1.26,1.417,1.571,1.679,1.713,1.256,2.266,1.331,2.305,1.179,0.883,1.394,1.386,1.703,1.426,0.422,0.723,1.789,0.943,0.956,2.038,1.995,1.869,0.363,1.607,1.257,0.614,1.133,1.128,0.61,0.316,1.148,0.479,1.251,1.089,0.838,0.242,1.066,2.25,2.391,1.356,1.077,1.829,1.773,0.479
18,40.41291676,-3.702545003,654.451355,11.0,19.0,95.0,5.0,1.255,0.887,1.685,1.062,1.055,1.007,1.03,1.368,0.825,1.433,1.154,0.787,0.905,1.05,1.582,1.287,1.78,0.807,0.0,1.229,0.647,1.618,1.353,1.008,1.304,0.553,0.816,1.514,1.221,1.367,1.234,0.846,1.431,1.028,1.378,0.375,1.399,1.006,0.845,1.197,0.815,1.647,0.151,0.86,1.47,0.786,0.664,1.005,0.698,1.107,0.87,1.301,0.01,0.038,0.422,1.087,0.793,0.95,1.104,0.98,1.246,1.245,1.56,0.854,1.508,0.646,1.118,0.854,0.687,1.004,1.116,1.049,1.442,1.09,0.562,1.317,1.339,1.296,1.17,1.352,0.908,0.558,1.604,0.666,0.429,0.695,0.965,0.45,0.764,0.711,1.077,0.547,0.621,2.056,1.551,1.924,1.345,0.378,1.46,1.306,1.106
19,40.41800458,-3.699480941,655.0147705,11.0,29.0,71.0,5.0,1.675,0.226,2.321,1.185,1.179,1.643,1.666,0.628,1.714,1.005,1.278,0.047,1.326,2.391,2.349,1.135,1.165,1.696,1.229,0.0,0.995,2.1,1.175,1.578,1.209,1.314,0.806,1.336,1.402,1.113,1.994,0.392,1.253,0.431,1.368,1.165,1.881,1.576,1.243,0.578,0.673,0.584,0.94,1.344,0.242,0.311,0.569,0.407,0.546,0.994,0.273,0.883,0.78,0.828,1.212,1.848,0.568,0.353,0.506,0.97,0.184,1.067,2.042,1.801,1.991,1.436,0.939,1.644,1.515,1.574,0.497,1.401,2.047,0.644,0.854,1.222,1.329,1.287,1.652,1.875,1.142,1.347,2.126,0.676,1.327,0.986,1.726,1.216,1.056,1.501,0.899,1.307,1.382,2.578,2.278,1.036,1.166,1.168,2.456,0.127,1.458
20,40.41180179,-3.696756946,647.5469971,15.0,28.0,89.0,5.0,0.913,1.257,1.064,1.55,1.543,0.745,0.768,1.573,1.364,1.282,1.642,0.992,0.428,1.589,1.451,0.492,0.985,1.346,0.647,0.995,0.0,1.105,1.64,0.582,1.591,1.309,0.648,1.801,1.508,1.038,1.888,1.512,1.718,0.92,0.674,0.807,0.885,0.58,1.169,1.698,0.647,1.538,0.85,1.27,1.362,1.073,0.951,1.034,0.985,0.345,1.157,1.588,0.689,0.738,0.49,1.843,0.516,1.237,0.731,0.495,1.138,1.532,1.047,1.33,0.995,1.346,1.405,1.285,0.52,0.578,1.617,1.335,1.82,0.535,0.849,1.604,0.822,0.967,0.657,1.801,0.146,0.625,2.052,0.953,0.331,0.982,1.721,0.221,1.051,1.142,1.364,1.303,1.377,2.504,1.038,1.816,1.632,0.803,1.145,1.197,1.393
21,40.40601501,-3.69593302,616.6937256,9.0,5.0,116.0,5.0,0.73,2.362,0.399,2.655,2.648,1.487,1.51,2.604,2.166,1.887,2.747,2.097,1.365,2.39,1.551,1.097,1.59,2.324,1.618,2.1,1.105,0.0,2.525,0.548,2.477,1.474,1.748,2.686,2.262,1.462,1.199,2.018,2.604,2.02,1.159,0.954,0.403,0.55,1.749,2.798,1.747,1.861,1.66,1.647,2.462,1.958,1.836,2.134,1.871,1.651,2.042,2.473,1.575,1.623,1.072,1.425,1.616,2.122,2.095,1.912,2.238,2.417,0.105,0.822,0.52,0.936,2.29,0.778,1.048,0.591,2.717,1.901,1.13,1.84,1.734,2.489,1.267,1.391,0.403,1.919,1.452,0.996,1.655,1.838,1.176,1.867,1.74,1.321,1.958,0.635,2.25,1.406,1.481,2.107,0.475,2.138,2.517,0.951,0.135,2.297,1.958
22,40.41879337,-3.70928289,639.739502,8.0,51.0,85.0,5.0,2.195,0.948,2.626,0.449,0.34,1.78,1.804,1.504,1.382,2.001,0.758,1.182,1.846,1.575,2.518,2.228,1.866,1.364,1.353,1.175,1.64,2.525,0.0,2.358,1.067,1.612,1.503,0.412,1.064,2.055,2.293,0.848,0.33,1.211,2.066,1.663,2.661,2.356,0.995,1.217,1.453,1.714,1.438,1.096,1.238,0.897,0.867,1.188,1.143,1.775,1.053,0.553,1.278,1.326,1.71,2.138,1.348,1.133,1.287,1.667,1.429,0.175,2.823,2.1,2.771,1.936,0.337,2.151,1.974,2.354,1.137,0.856,2.346,1.424,0.995,0.93,2.026,1.984,2.432,1.995,1.922,1.845,1.941,1.11,1.716,1.285,2.025,1.737,1.355,2.008,0.41,1.606,1.68,2.393,2.975,1.991,0.158,1.666,2.755,1.488,0.914
23,40.40787912,-3.695785155,628.1696167,6.0,31.0,66.0,5.0,0.705,1.84,0.252,2.132,2.126,0.614,0.637,2.156,1.725,1.722,2.224,1.575,0.668,1.95,1.321,0.932,1.425,1.707,1.008,1.578,0.582,0.548,2.358,0.0,2.05,1.337,1.107,2.26,1.966,1.45,1.306,1.971,2.177,1.472,1.087,0.879,0.83,0.002,1.855,2.157,1.106,1.997,1.585,1.754,1.821,1.531,1.41,1.492,1.444,0.758,1.616,2.047,1.148,1.197,0.997,1.532,0.975,1.696,1.144,0.907,1.597,1.991,1.0,0.747,1.028,0.861,1.863,0.703,0.973,0.004,2.076,2.008,1.237,0.947,1.308,2.063,1.235,1.379,0.442,2.026,0.559,0.921,1.762,1.411,1.101,1.44,1.847,0.679,1.395,0.56,1.823,1.331,1.406,2.214,0.902,1.523,2.091,0.876,0.562,1.656,2.065
24,40.41485532,-3.711538477,639.7739258,6.0,44.0,85.0,5.0,2.147,1.137,2.577,0.854,0.728,1.732,1.755,1.767,0.769,2.025,0.947,1.206,1.797,1.084,1.629,2.046,1.89,0.751,1.304,1.209,1.591,2.477,1.067,2.05,0.0,1.625,1.516,0.548,0.226,2.068,2.306,0.861,0.743,1.224,2.079,1.844,2.674,2.369,0.706,1.212,1.466,1.843,1.62,0.808,1.666,0.91,0.881,1.201,1.339,1.788,1.066,1.039,1.291,1.339,1.892,1.511,1.361,1.146,1.3,1.681,1.443,0.748,2.836,2.113,2.784,1.949,0.62,2.165,2.156,2.367,1.131,0.672,1.618,1.437,1.166,0.099,2.04,1.997,2.446,1.369,1.935,2.027,1.315,1.124,1.898,1.298,2.038,1.919,0.788,2.021,0.58,1.619,1.694,1.767,2.989,2.121,0.848,1.848,2.768,1.502,0.729
25,40.41096985,-3.705357255,649.4629517,9.0,12.0,101.0,5.0,1.978,1.131,1.574,1.386,1.38,0.638,0.662,1.891,0.603,2.129,1.478,1.31,1.515,1.087,1.104,1.897,2.389,0.844,0.553,1.314,1.309,1.474,1.612,1.337,1.625,0.0,1.215,1.605,1.007,1.766,0.753,0.985,1.522,1.211,1.777,0.513,1.508,1.405,0.493,1.336,1.214,1.83,0.55,0.392,1.653,0.969,0.803,1.188,0.882,1.506,1.053,1.392,0.517,0.469,0.496,0.607,0.976,1.133,1.287,1.379,1.43,1.336,1.677,0.585,1.705,0.436,1.208,0.582,1.086,1.099,1.255,0.646,0.806,1.489,0.653,1.408,1.738,1.695,1.569,0.872,1.307,0.872,1.123,0.849,0.828,0.785,0.485,0.849,0.702,0.764,1.168,0.066,0.141,1.575,1.58,2.108,1.436,0.516,1.24,1.489,0.703
26,40.41448209,-3.69747677,649.3087158,12.0,45.0,109.0,5.0,1.203,0.985,1.848,1.277,1.271,1.171,1.194,1.384,1.533,1.13,1.369,0.803,0.854,1.757,1.877,0.6,0.864,1.514,0.816,0.806,0.648,1.748,1.503,1.107,1.516,1.215,0.0,1.918,1.974,0.552,2.507,1.262,1.836,0.799,0.562,1.26,1.314,0.95,1.354,1.448,0.431,0.95,1.035,1.455,1.112,0.871,0.936,0.842,0.743,0.218,0.833,1.489,0.875,0.923,0.859,2.028,0.663,0.913,0.47,0.164,0.888,1.649,1.475,2.13,1.424,1.531,1.522,2.086,0.889,0.947,1.367,1.521,2.438,0.274,1.034,1.794,0.523,0.481,1.085,1.986,1.013,0.994,2.237,0.874,0.701,1.167,1.907,0.59,1.237,1.943,1.482,1.488,1.563,2.689,1.472,0.85,1.749,1.263,1.668,0.947,1.578
27,40.41891558,-3.711637022,638.5656128,6.0,18.0,82.0,5.0,2.356,1.11,2.787,0.611,0.501,1.941,1.965,1.538,1.247,2.162,0.919,1.343,2.007,1.423,1.968,2.389,2.027,1.229,1.514,1.336,1.801,2.686,0.412,2.26,0.548,1.605,1.918,0.0,0.771,2.216,2.454,1.009,0.083,1.372,2.227,1.824,2.822,2.517,0.958,1.285,1.614,1.991,1.599,1.059,1.306,1.058,1.028,1.349,1.304,1.936,1.214,0.621,1.439,1.487,1.871,1.845,1.509,1.294,1.448,1.829,1.59,0.336,2.984,2.261,2.932,2.097,0.498,2.313,2.136,2.515,1.205,0.924,1.951,1.585,1.156,0.637,2.187,2.145,2.594,1.702,2.083,2.006,1.648,1.272,1.877,1.446,1.739,1.898,1.008,2.169,0.571,1.767,1.842,2.1,3.137,2.268,0.41,1.827,2.916,1.65,0.981
28,40.41441832,-3.711726787,633.5062866,10.0,19.0,62.0,5.0,2.063,1.33,2.362,1.047,0.921,1.446,1.469,1.96,0.801,2.218,1.139,1.399,1.713,0.564,1.892,2.095,2.083,0.783,1.221,1.402,1.508,2.262,1.064,1.966,0.226,1.007,1.974,0.771,0.0,2.263,1.336,1.055,0.74,1.418,2.273,1.191,2.869,1.823,0.493,1.406,1.66,2.037,0.967,0.595,1.861,1.104,1.075,1.395,1.533,1.982,1.261,1.233,1.485,1.534,1.238,1.244,1.556,1.341,1.494,1.875,1.637,0.942,3.03,1.449,2.978,1.296,0.815,1.512,1.503,1.82,1.325,0.559,1.615,1.631,1.36,0.172,2.234,2.192,2.64,1.365,2.13,1.374,1.311,1.318,1.245,1.492,1.079,1.266,0.596,1.368,0.774,0.955,1.03,1.763,3.183,2.315,1.042,1.195,2.104,1.696,0.334
29,40.41611542,-3.693745563,637.0374756,6.0,36.0,105.0,5.0,0.936,1.459,1.231,1.829,1.823,1.723,1.746,1.293,2.085,0.535,1.686,0.889,1.406,2.309,2.383,0.495,0.239,2.066,1.367,1.113,1.038,1.462,2.055,1.45,2.068,1.766,0.552,2.216,2.263,0.0,2.675,1.574,2.257,0.901,0.731,1.999,1.482,1.535,2.236,1.76,1.156,0.398,1.761,2.338,1.424,1.292,1.562,1.264,1.469,0.703,1.254,2.065,1.601,1.649,1.682,2.901,1.389,1.334,0.903,0.875,1.2,2.07,1.644,2.298,1.592,2.412,1.943,2.254,1.713,1.533,1.679,2.394,2.607,0.915,1.847,2.215,0.691,0.529,1.253,2.868,1.181,1.818,3.131,1.599,1.524,1.98,2.719,1.413,2.049,2.111,1.903,2.301,2.375,3.583,1.641,0.676,2.17,1.996,1.837,1.259,2.451
30,40.40606995,-3.706865559,612.0216064,10.0,28.0,86.0,5.0,1.703,1.812,1.299,2.067,2.06,1.043,0.428,2.572,0.592,2.86,2.159,1.991,1.05,0.895,0.058,2.07,2.563,0.829,1.234,1.994,1.888,1.199,2.293,1.306,2.306,0.753,2.507,2.454,1.336,2.675,0.0,1.678,1.98,1.904,2.314,1.144,1.384,1.383,0.997,2.029,1.937,2.523,1.242,0.895,2.346,1.662,1.496,1.881,1.574,1.985,1.746,2.084,1.21,1.162,1.262,0.385,1.669,1.826,1.98,2.102,2.122,2.028,1.553,0.831,1.592,0.93,1.901,0.829,1.381,1.345,1.948,1.149,0.09,2.212,1.346,1.541,2.248,2.373,1.384,0.879,1.786,1.186,0.615,1.542,1.366,1.478,0.989,1.51,1.206,1.01,1.861,0.789,0.863,1.067,1.456,2.8,2.128,1.14,1.116,2.182,1.207
31,40.4175027,-3.7030837,650.8460693,9.0,33.0,96.0,5.0,2.067,0.166,2.119,0.622,0.615,1.322,1.345,0.835,1.174,1.397,0.285,0.439,1.718,1.827,2.06,1.527,1.557,1.155,0.846,0.392,1.512,2.018,0.848,1.971,0.861,0.985,1.262,1.009,1.055,1.574,1.678,0.0,1.008,0.527,1.381,1.184,1.977,1.672,1.152,0.351,0.769,1.085,0.96,1.253,0.546,0.213,0.22,0.504,0.642,1.091,0.369,0.638,0.712,0.76,1.231,1.499,0.664,0.449,0.603,0.983,0.745,0.821,2.138,1.453,2.087,1.289,0.694,1.505,1.496,1.67,0.27,1.31,1.699,0.74,0.505,1.131,1.342,1.3,1.748,1.784,1.238,1.367,2.035,0.463,1.238,0.638,1.378,1.312,0.708,1.361,0.653,0.959,1.034,2.487,2.291,1.363,0.921,1.187,2.108,0.288,1.367
32,40.41852037,-3.711048832,638.1112671,5.0,37.0,112.0,5.0,2.274,1.027,2.704,0.528,0.418,1.859,1.882,1.456,1.461,2.079,0.836,1.26,1.924,1.387,1.932,2.306,1.944,1.443,1.431,1.253,1.718,2.604,0.33,2.177,0.743,1.522,1.836,0.083,0.74,2.257,1.98,1.008,0.0,1.289,2.144,1.741,2.739,2.435,0.917,1.273,1.531,1.908,1.517,1.018,1.294,0.975,0.946,1.266,1.222,1.853,1.132,0.518,1.356,1.405,1.788,1.809,1.427,1.211,1.365,1.746,1.508,0.253,2.901,2.178,2.849,2.014,0.415,2.23,2.053,2.432,1.193,0.882,1.915,1.502,1.073,0.601,2.105,2.063,2.511,1.666,2.001,1.924,1.612,1.189,1.795,1.363,2.103,1.816,0.966,2.086,0.488,1.684,1.759,2.064,3.054,2.186,0.327,1.744,2.833,1.567,0.94
33,40.41669284,-3.697899315,651.4034424,15.0,60.0,119.0,5.0,1.837,0.693,1.719,0.985,0.978,1.442,1.465,0.905,1.513,0.724,1.077,0.427,1.125,2.19,2.148,1.064,0.884,1.495,1.028,0.431,0.92,2.02,1.211,1.472,1.224,1.211,0.799,1.372,1.418,0.901,1.904,0.527,1.289,0.0,1.599,1.396,2.112,1.807,1.474,0.859,0.354,0.699,1.171,1.575,0.523,0.542,0.8,0.638,0.776,1.225,0.504,1.164,1.011,1.059,1.443,2.079,0.799,0.584,0.188,0.605,0.299,1.308,2.273,2.032,2.222,1.667,1.181,1.875,1.746,1.804,0.778,1.632,2.278,0.325,1.085,1.453,1.56,0.551,1.883,2.106,1.373,1.578,2.357,0.907,1.558,1.217,1.957,1.447,1.287,1.732,1.14,1.538,1.613,2.809,2.509,0.977,1.408,1.399,2.687,0.358,1.689
34,40.41303094,-3.69307324,631.2710571,14.0,53.0,89.0,5.0,0.633,1.547,0.928,1.839,1.833,1.547,1.57,1.633,2.095,0.916,1.932,1.365,1.217,2.32,2.253,0.132,0.619,2.077,1.378,1.368,0.674,1.159,2.066,1.087,2.079,1.777,0.562,2.227,2.273,0.731,2.314,1.381,2.144,1.599,0.0,1.367,0.847,0.9,1.729,1.619,0.756,0.744,1.411,1.831,1.282,1.042,1.311,1.013,1.068,0.653,1.003,1.66,1.25,1.299,1.051,2.266,0.988,1.083,0.641,0.825,1.059,1.82,1.009,1.664,0.957,1.777,1.692,1.619,1.081,0.898,1.538,1.896,1.972,0.865,1.41,1.965,0.15,0.275,0.619,2.361,0.55,1.186,2.496,1.199,0.892,1.542,2.282,0.782,1.612,1.476,1.652,1.864,1.938,2.948,1.006,1.022,1.92,1.364,1.202,1.118,1.954
35,40.41058886,-3.701329791,638.5720215,13.0,27.0,109.0,5.0,1.458,1.35,1.054,1.437,1.43,0.377,0.4,1.743,1.092,1.808,1.529,1.161,0.361,1.317,1.083,1.394,1.887,1.074,0.375,1.165,0.807,0.954,1.663,0.879,1.844,0.513,1.26,1.824,1.191,1.999,1.144,1.184,1.741,1.396,1.367,0.0,1.408,0.786,1.097,1.799,0.749,1.64,0.504,0.884,1.463,1.07,0.949,1.289,0.983,1.07,1.155,1.585,0.687,0.735,0.184,1.417,0.618,1.234,1.097,0.914,1.24,1.529,1.577,0.535,1.605,0.327,1.402,0.535,0.467,0.726,1.719,1.333,1.123,1.024,0.846,1.602,1.273,1.23,1.071,1.602,0.872,0.109,1.647,0.95,0.289,0.979,1.215,0.457,0.861,0.391,1.362,0.797,0.871,2.099,1.48,1.917,1.629,0.003,1.14,1.299,1.39
36,40.40744173,-3.695233288,622.8796997,13.0,39.0,103.0,5.0,0.51,2.143,0.106,2.435,2.429,1.26,1.283,2.385,1.939,1.667,2.527,1.878,1.18,2.163,1.323,0.877,1.37,2.097,1.399,1.881,0.885,0.403,2.661,0.83,2.674,1.508,1.314,2.822,2.869,1.482,1.384,1.977,2.739,2.112,0.847,1.408,0.0,0.184,1.779,2.829,1.778,2.669,1.691,1.678,2.493,1.989,1.867,2.164,1.902,0.936,2.073,2.504,1.606,1.654,1.103,1.456,1.647,2.153,1.322,1.085,2.269,2.448,1.287,0.853,1.315,0.967,2.321,0.809,1.078,0.225,2.748,1.932,1.161,1.125,1.765,2.52,1.413,1.557,1.118,1.95,0.737,1.027,1.686,1.869,1.207,1.898,1.771,1.352,1.989,0.666,2.28,1.437,1.511,2.138,1.19,2.947,2.548,0.982,0.85,2.328,1.989
37,40.40795873,-3.695905332,628.3999634,8.0,33.0,67.0,5.0,0.703,1.838,0.254,2.13,2.124,0.616,0.639,2.154,1.723,1.72,2.222,1.573,0.666,1.948,1.322,0.93,1.423,1.705,1.006,1.576,0.58,0.55,2.356,0.002,2.369,1.405,0.95,2.517,1.823,1.535,1.383,1.672,2.435,1.807,0.9,0.786,0.184,0.0,1.857,2.155,1.104,1.995,1.587,1.756,1.819,1.529,1.408,1.49,1.442,0.756,1.614,2.045,1.146,1.195,0.999,1.534,0.973,1.694,1.142,0.905,1.595,1.989,1.001,0.749,1.029,0.863,1.861,0.705,0.974,0.002,2.074,2.01,1.239,0.945,1.306,2.061,1.233,1.377,0.44,2.028,0.557,0.923,1.763,1.409,1.103,1.438,1.849,0.678,1.397,0.562,1.821,1.333,1.407,2.216,0.904,1.521,2.089,0.878,0.564,1.654,2.067
38,40.41285229,-3.707475367,643.1517944,7.0,7.0,85.0,5.0,2.253,1.171,1.849,0.888,0.762,0.932,0.955,1.801,0.288,2.059,0.98,1.24,1.374,0.512,1.379,1.756,2.249,0.269,0.845,1.243,1.169,1.749,0.995,1.855,0.706,0.493,1.354,0.958,0.493,2.236,0.997,1.152,0.917,1.474,1.729,1.097,1.779,1.857,0.0,1.237,1.244,1.844,0.58,0.101,1.668,0.983,0.824,1.202,0.896,1.536,1.068,1.043,0.548,0.499,0.852,0.75,0.991,1.148,1.301,1.409,1.444,0.987,2.154,1.062,2.182,0.909,0.613,1.125,1.116,1.433,1.156,0.329,1.308,1.519,0.674,0.686,1.768,1.726,1.6,0.632,1.338,0.987,0.883,0.863,0.858,0.34,0.586,0.879,0.209,0.981,0.819,0.569,0.643,1.335,1.981,2.122,1.087,0.808,1.717,1.503,0.386
39,40.41901767,-3.70008033,657.506897,15.0,16.0,43.0,5.0,2.253,0.37,2.898,1.088,1.278,1.673,1.696,0.827,1.525,1.582,0.835,0.625,1.904,2.178,2.411,1.713,1.743,1.506,1.197,0.578,1.698,2.798,1.217,2.157,1.212,1.336,1.448,1.285,1.406,1.76,2.029,0.351,1.273,0.859,1.619,1.799,2.829,2.155,1.237,0.0,0.807,0.695,1.075,1.591,0.179,0.445,0.703,0.542,0.68,1.129,0.407,0.975,0.914,0.963,1.346,2.24,0.702,0.487,0.641,1.105,0.44,1.159,2.303,1.935,2.251,1.571,1.031,1.778,1.65,1.708,0.081,1.647,2.182,0.896,1.37,1.468,1.351,1.189,1.913,2.121,1.276,1.482,2.373,0.81,1.461,1.121,1.861,1.351,1.191,1.635,0.991,1.442,1.516,2.825,2.3,0.973,1.259,1.302,2.591,0.261,1.704
40,40.41485637,-3.69896113,649.8538208,13.0,8.0,115.0,5.0,1.203,0.934,1.848,1.227,1.22,1.17,1.193,1.251,1.532,0.979,1.319,0.669,0.853,1.757,1.876,0.826,0.694,1.514,0.815,0.673,0.647,1.747,1.453,1.106,1.466,1.214,0.431,1.614,1.66,1.156,1.937,0.769,1.531,0.354,0.756,0.749,1.778,1.104,1.244,0.807,0.0,0.911,0.605,1.025,0.735,0.435,0.505,0.14,0.313,0.575,0.539,1.104,0.444,0.493,0.876,1.598,0.232,0.619,0.369,0.45,0.511,1.264,1.761,1.551,1.709,1.101,1.137,1.308,1.096,1.154,0.99,1.09,1.797,0.56,0.604,1.409,0.809,0.767,1.371,1.555,0.723,1.012,1.806,0.443,0.907,0.736,1.476,0.797,0.806,1.165,1.097,1.057,1.132,2.258,1.758,1.189,1.364,0.832,1.721,0.57,1.147
41,40.41857499,-3.694354721,641.225708,5.0,27.0,95.0,5.0,1.335,1.104,1.629,1.604,1.597,2.061,2.084,0.938,2.132,0.221,1.331,0.534,1.744,2.809,2.767,0.893,0.381,2.114,1.647,0.584,1.538,1.861,1.714,1.997,1.843,1.83,0.95,1.991,2.037,0.398,2.523,1.085,1.908,0.699,0.744,1.64,2.669,1.995,1.844,0.695,0.911,0.0,1.363,1.94,1.026,0.894,1.164,0.865,1.071,0.667,0.856,1.667,1.202,1.251,1.647,2.443,0.991,0.936,0.504,0.808,0.802,1.672,1.608,2.263,1.556,1.859,1.545,2.219,1.677,1.497,1.281,1.996,2.571,0.528,1.449,1.817,0.656,0.493,1.218,2.47,1.146,1.782,2.721,1.201,1.488,1.581,2.321,1.378,1.651,2.075,1.504,1.903,1.977,3.173,1.605,0.278,1.772,1.591,1.801,0.861,2.053
42,40.41253488,-3.7016663,654.9730835,6.0,54.0,106.0,5.0,1.405,1.126,1.76,1.212,1.206,0.886,0.909,1.518,0.868,1.584,1.304,0.937,1.056,1.092,1.624,1.438,1.931,0.849,0.151,0.94,0.85,1.66,1.438,1.585,1.62,0.55,1.035,1.599,0.967,1.761,1.242,0.96,1.517,1.171,1.411,0.504,1.691,1.587,0.58,1.075,0.605,1.363,0.0,0.832,1.32,0.635,0.514,0.854,0.548,1.069,0.72,1.15,0.252,0.3,0.249,0.978,0.642,0.8,0.953,1.045,1.096,1.094,1.451,0.745,1.399,0.537,0.967,0.745,0.578,0.895,0.966,0.898,1.333,1.155,0.411,1.167,1.404,1.362,1.061,1.363,0.799,0.448,1.614,0.515,0.319,0.544,0.856,0.34,0.614,0.602,0.927,0.438,0.512,2.066,1.442,1.774,1.194,0.269,1.35,1.155,0.955
43,40.41195207,-3.707758287,644.7254028,5.0,43.0,63.0,5.0,2.151,1.273,1.747,0.99,0.864,0.948,0.971,1.903,0.186,2.16,1.082,1.341,1.476,0.411,1.277,1.858,2.351,0.168,0.86,1.344,1.27,1.647,1.096,1.754,0.808,0.392,1.455,1.059,0.595,2.338,0.895,1.253,1.018,1.575,1.831,0.884,1.678,1.756,0.101,1.591,1.025,1.94,0.832,0.0,1.769,1.085,0.926,1.304,0.998,1.638,1.169,1.144,0.649,0.601,0.953,0.649,1.092,1.249,1.403,1.511,1.546,1.088,2.256,1.164,2.284,1.011,0.715,1.226,1.218,1.535,1.258,0.254,0.891,1.621,0.775,0.788,1.87,1.827,1.701,0.531,1.439,1.089,0.782,0.965,0.96,0.442,0.484,0.98,0.311,1.083,0.921,0.67,0.744,1.234,2.082,2.223,1.188,0.909,1.819,1.605,0.311
44,40.41897237,-3.698619292,652.5283203,12.0,37.0,96.0,5.0,1.917,0.566,2.562,1.109,1.421,1.885,1.908,0.807,1.956,1.246,0.856,0.289,1.568,2.633,2.591,1.377,1.407,1.937,1.47,0.242,1.362,2.462,1.238,1.821,1.666,1.653,1.112,1.306,1.861,1.424,2.346,0.546,1.294,0.523,1.282,1.463,2.493,1.819,1.668,0.179,0.735,1.026,1.32,1.769,0.0,0.676,0.934,0.773,0.911,1.36,0.638,0.998,1.145,1.193,1.577,2.213,0.933,0.718,0.872,0.997,0.261,1.182,2.124,2.166,2.073,1.801,1.054,2.009,1.881,1.939,0.457,1.766,2.413,0.717,1.219,1.587,1.172,1.01,1.734,2.24,1.507,1.713,2.492,1.041,1.692,1.352,2.091,1.582,1.421,1.866,1.014,1.673,1.747,2.944,2.121,0.794,1.282,1.533,2.821,0.492,1.823
45,40.41669647,-3.70152573,650.4536133,10.0,64.0,113.0,5.0,1.628,0.379,2.058,0.671,0.665,1.305,1.329,0.889,1.271,1.115,0.763,0.308,1.278,1.876,2.043,1.136,0.98,1.253,0.786,0.311,1.073,1.958,0.897,1.531,0.91,0.969,0.871,1.058,1.104,1.292,1.662,0.213,0.975,0.542,1.042,1.07,1.989,1.529,0.983,0.445,0.435,0.894,0.635,1.085,0.676,0.0,0.27,0.291,0.429,0.878,0.156,0.618,0.663,0.711,1.095,1.549,0.451,0.236,0.39,0.771,0.532,0.778,1.926,1.502,1.874,1.338,0.651,1.554,1.399,1.457,1.012,1.102,1.748,0.527,0.555,0.923,1.129,1.087,1.535,1.576,1.025,1.231,1.827,0.512,1.21,0.687,1.427,1.1,0.757,1.41,0.61,1.009,1.083,2.279,2.078,1.21,0.878,1.051,2.157,0.591,1.159
46,40.41586338,-3.702992592,651.0143433,9.0,57.0,99.0,5.0,1.506,0.386,1.937,0.641,0.635,1.14,1.163,1.147,1.112,1.385,0.733,0.566,1.157,1.847,1.878,1.539,1.25,1.094,0.664,0.569,0.951,1.836,0.867,1.41,0.881,0.803,0.936,1.028,1.075,1.562,1.496,0.22,0.946,0.8,1.311,0.949,1.867,1.408,0.824,0.703,0.505,1.164,0.514,0.926,0.934,0.27,0.0,0.517,0.275,0.916,0.382,0.588,0.53,0.578,1.049,1.317,0.49,0.462,0.616,0.892,0.759,0.748,1.964,1.271,1.912,1.107,0.621,1.323,1.314,1.631,0.49,0.81,1.517,0.753,0.323,0.893,1.251,1.209,1.574,1.275,1.064,1.185,1.526,0.243,1.056,0.456,1.196,1.077,0.526,1.179,0.581,0.777,0.852,1.978,2.2,1.437,0.848,1.005,1.926,0.818,0.867
47,40.41542208,-3.699379702,651.6187744,9.0,11.0,99.0,5.0,1.589,0.669,2.234,0.962,0.955,1.525,1.548,0.985,1.49,1.086,1.054,0.404,1.239,2.167,2.263,1.108,0.951,1.472,1.005,0.407,1.034,2.134,1.188,1.492,1.201,1.188,0.842,1.349,1.395,1.264,1.881,0.504,1.266,0.638,1.013,1.289,2.164,1.49,1.202,0.542,0.14,0.865,0.854,1.304,0.773,0.291,0.517,0.0,0.342,0.605,0.425,1.081,0.474,0.522,1.096,1.627,0.262,0.505,0.396,0.48,0.539,1.241,1.791,1.581,1.739,1.13,1.114,1.338,1.126,1.184,1.018,1.12,1.827,0.59,0.633,1.386,0.839,0.796,1.401,1.585,0.752,1.231,1.836,0.473,0.937,0.766,1.506,0.827,0.836,1.195,1.073,1.087,1.162,2.288,1.788,1.217,1.341,0.862,1.751,0.598,1.177
48,40.41536486,-3.701137834,654.1645508,10.0,25.0,110.0,5.0,1.541,0.807,1.971,0.917,0.911,1.218,1.241,1.123,1.184,1.292,1.009,0.542,1.191,1.408,1.956,1.138,1.006,1.166,0.698,0.546,0.985,1.871,1.143,1.444,1.339,0.882,0.743,1.304,1.533,1.469,1.574,0.642,1.222,0.776,1.068,0.983,1.902,1.442,0.896,0.68,0.313,1.071,0.548,0.998,0.911,0.429,0.275,0.342,0.0,0.948,0.226,0.882,0.733,0.782,1.165,1.813,0.521,0.306,0.46,0.841,0.602,1.042,1.996,1.766,1.944,1.39,0.915,1.597,1.469,1.527,1.082,1.366,2.013,0.597,0.819,1.187,1.199,1.157,1.606,1.84,1.095,1.301,2.092,0.107,1.28,0.952,1.691,1.17,1.021,1.454,0.875,1.273,1.347,2.544,2.149,1.28,1.142,1.121,2.094,0.662,1.423
49,40.41374716,-3.695560835,640.0632935,12.0,53.0,120.0,5.0,1.059,1.256,1.005,1.549,1.542,1.218,1.241,1.606,1.824,0.888,1.641,0.991,0.888,2.049,1.924,0.35,0.591,1.806,1.107,0.994,0.345,1.651,1.775,0.758,1.788,1.506,0.218,1.936,1.982,0.703,1.985,1.091,1.853,1.225,0.653,1.07,0.936,0.756,1.536,1.129,0.575,0.667,1.069,1.638,1.36,0.878,0.916,0.605,0.948,0.0,0.748,1.404,0.945,0.993,0.853,2.648,0.733,0.828,0.386,0.172,0.803,1.564,1.391,2.045,1.339,1.601,1.437,2.001,0.883,0.941,1.283,1.888,2.353,0.189,1.104,1.709,0.438,0.396,1.0,2.056,0.51,0.989,2.307,0.943,0.695,1.237,1.977,0.584,1.306,1.858,1.397,1.558,1.632,2.759,1.388,0.765,1.664,1.167,1.584,0.863,1.945
50,40.41610225,-3.700031207,652.9394531,13.0,62.0,86.0,5.0,1.712,0.535,2.143,0.827,0.821,1.39,1.413,0.851,1.355,1.077,0.919,0.27,1.363,2.033,2.128,1.098,0.942,1.337,0.87,0.273,1.157,2.042,1.053,1.616,1.066,1.053,0.833,1.214,1.261,1.254,1.746,0.369,1.132,0.504,1.003,1.155,2.073,1.614,1.068,0.407,0.539,0.856,0.72,1.169,0.638,0.156,0.382,0.425,0.226,0.748,0.0,0.774,0.507,0.555,0.939,1.66,0.295,0.08,0.533,0.698,0.676,0.934,1.769,1.614,1.718,1.163,0.807,1.371,1.243,1.301,1.155,1.153,1.86,0.807,0.666,1.079,1.056,1.014,1.379,1.618,0.869,1.074,1.869,0.403,1.054,0.799,1.539,0.943,0.869,1.228,0.766,1.12,1.195,2.321,2.006,1.354,1.034,0.895,1.867,0.735,1.21
51,40.4194319,-3.70639329,653.4750366,12.0,38.0,82.0,5.0,2.143,0.657,2.574,0.41,0.523,1.728,1.751,0.98,1.33,1.888,0.192,0.93,1.794,2.005,2.466,1.754,2.048,1.312,1.301,0.883,1.588,2.473,0.553,2.047,1.039,1.392,1.489,0.621,1.233,2.065,2.084,0.638,0.518,1.164,1.66,1.585,2.504,2.045,1.043,0.975,1.104,1.667,1.15,1.144,0.998,0.618,0.588,1.081,0.882,1.404,0.774,0.0,1.342,1.39,1.774,1.929,1.412,1.197,1.351,1.732,1.494,0.5,2.887,2.164,2.835,2.0,0.285,2.216,2.039,2.418,0.665,1.336,2.41,1.488,1.059,1.157,2.091,2.048,2.497,1.811,1.986,1.91,2.062,1.175,1.78,1.349,2.089,1.801,1.419,2.072,0.68,1.67,1.745,2.514,3.04,1.519,0.353,1.73,2.819,1.218,1.394
52,40.41298785,-3.702402132,655.1398926,15.0,37.0,99.0,5.0,1.245,0.877,1.675,1.052,1.045,0.997,1.02,1.358,0.836,1.423,1.144,0.776,0.895,1.06,1.703,1.277,1.77,0.817,0.01,0.78,0.689,1.575,1.278,1.148,1.291,0.517,0.875,1.439,1.485,1.601,1.21,0.712,1.356,1.011,1.25,0.687,1.606,1.146,0.548,0.914,0.444,1.202,0.252,0.649,1.145,0.663,0.53,0.474,0.733,0.945,0.507,1.342,0.0,0.049,0.432,1.097,0.803,0.96,1.114,0.99,1.256,1.255,1.57,0.864,1.519,0.657,1.128,0.864,0.697,1.014,1.126,1.059,1.452,1.1,0.572,1.327,1.349,1.307,1.18,1.362,0.918,0.568,1.614,0.676,0.439,0.705,0.976,0.46,0.774,0.721,1.087,0.557,0.631,2.066,1.561,1.934,1.355,0.388,1.47,1.316,1.116
53,40.41256385,-3.702540642,651.8586426,10.0,24.0,115.0,5.0,1.293,0.926,1.724,1.1,1.094,0.806,0.829,1.406,0.787,1.472,1.192,0.825,0.944,1.012,1.544,1.326,1.818,0.769,0.038,0.828,0.738,1.623,1.326,1.197,1.339,0.469,0.923,1.487,1.534,1.649,1.162,0.76,1.405,1.059,1.299,0.735,1.654,1.195,0.499,0.963,0.493,1.251,0.3,0.601,1.193,0.711,0.578,0.522,0.782,0.993,0.555,1.39,0.049,0.0,0.384,1.049,0.755,0.912,1.065,0.941,1.208,1.206,1.522,0.816,1.47,0.608,1.079,0.816,0.648,0.965,1.078,1.01,1.404,1.051,0.524,1.279,1.3,1.258,1.132,1.314,0.87,0.519,1.565,0.627,0.39,0.656,0.927,0.411,0.726,0.672,1.039,0.508,0.583,2.017,1.513,1.886,1.306,0.34,1.421,1.267,1.067
54,40.41170911,-3.700102861,645.6522217,13.0,9.0,39.0,5.0,1.576,1.397,1.172,1.484,1.477,0.495,0.518,1.79,1.139,1.867,1.576,1.209,0.696,1.364,1.201,1.077,1.57,1.121,0.422,1.212,0.49,1.072,1.71,0.997,1.892,0.496,0.859,1.871,1.238,1.682,1.262,1.231,1.788,1.443,1.051,0.184,1.103,0.999,0.852,1.346,0.876,1.647,0.249,0.953,1.577,1.095,1.049,1.096,1.165,0.853,0.939,1.774,0.432,0.384,0.0,1.066,0.893,1.05,0.987,0.804,1.129,1.345,1.384,0.833,1.332,0.625,1.218,0.833,0.51,0.828,1.217,1.149,1.266,0.913,0.662,1.417,1.162,1.12,0.994,1.331,0.732,0.154,1.583,0.766,0.252,0.795,0.944,0.273,0.588,0.69,1.178,0.526,0.6,2.035,1.375,1.807,1.445,0.357,1.309,1.188,1.206
55,40.40793822,-3.708301251,627.3945313,14.0,15.0,120.0,5.0,1.929,1.665,1.525,1.639,1.513,1.269,1.292,2.426,0.521,2.664,1.731,1.844,1.276,0.547,0.336,2.296,2.789,0.481,1.087,1.848,1.843,1.425,2.138,1.532,1.511,0.607,2.028,1.845,1.244,2.901,0.385,1.499,1.809,2.079,2.266,1.417,1.456,1.534,0.75,2.24,1.598,2.443,0.978,0.649,2.213,1.549,1.317,1.627,1.813,2.648,1.66,1.929,1.097,1.049,1.066,0.0,1.71,1.867,2.021,2.113,2.163,1.586,1.947,1.225,1.985,1.323,1.212,1.222,1.82,1.739,1.989,0.751,0.484,2.222,1.386,1.285,2.471,2.429,1.778,0.487,2.041,1.58,0.636,1.583,1.561,1.519,0.22,1.582,0.808,1.404,1.418,0.83,0.904,1.088,1.85,2.841,1.686,1.534,1.51,2.222,0.809
56,40.41374028,-3.699606304,653.2236328,15.0,13.0,71.0,5.0,1.072,0.83,1.717,1.122,1.116,1.039,1.062,1.146,1.278,1.211,1.214,0.565,0.722,1.503,2.051,0.695,0.926,1.26,0.793,0.568,0.516,1.616,1.348,0.975,1.361,0.976,0.663,1.509,1.556,1.389,1.669,0.664,1.427,0.799,0.988,0.618,1.647,0.973,0.991,0.702,0.232,0.991,0.642,1.092,0.933,0.451,0.49,0.262,0.521,0.733,0.295,1.412,0.803,0.755,0.893,1.71,0.0,0.694,0.586,0.403,0.728,1.43,1.474,1.513,1.423,1.063,1.303,1.271,0.948,1.006,1.207,1.052,1.76,0.512,0.566,1.575,0.761,0.719,1.084,1.517,0.574,1.053,1.769,0.681,0.759,0.698,1.438,0.648,0.768,1.127,1.263,1.02,1.094,2.221,1.711,1.406,1.53,0.794,1.572,0.787,1.11
57,40.41537051,-3.700237659,653.7145386,10.0,63.0,100.0,5.0,1.792,0.615,2.223,0.907,0.901,1.47,1.493,0.931,1.435,1.157,0.999,0.35,1.443,2.112,2.208,1.178,1.022,1.417,0.95,0.353,1.237,2.122,1.133,1.696,1.146,1.133,0.913,1.294,1.341,1.334,1.826,0.449,1.211,0.584,1.083,1.234,2.153,1.694,1.148,0.487,0.619,0.936,0.8,1.249,0.718,0.236,0.462,0.505,0.306,0.828,0.08,1.197,0.96,0.912,1.05,1.867,0.694,0.0,0.453,0.618,0.596,1.247,1.69,1.534,1.638,1.083,1.12,1.291,1.163,1.221,1.075,1.073,1.78,0.728,0.586,1.392,0.977,0.934,1.299,1.538,0.789,0.995,1.789,0.323,0.974,0.719,1.459,0.863,0.789,1.148,1.08,1.04,1.115,2.241,1.926,1.274,1.347,0.815,1.787,0.655,1.13
58,40.41601273,-3.697080814,645.7677002,8.0,56.0,112.0,5.0,1.24,0.768,1.391,1.061,1.054,1.518,1.541,1.084,1.589,0.725,1.153,0.503,1.201,2.266,2.224,0.735,0.579,1.571,1.104,0.506,0.731,2.095,1.287,1.144,1.3,1.287,0.47,1.448,1.494,0.903,1.98,0.603,1.365,0.188,0.641,1.097,1.322,1.142,1.301,0.641,0.369,0.504,0.953,1.403,0.872,0.39,0.616,0.396,0.46,0.386,0.533,1.351,1.114,1.065,0.987,2.021,0.586,0.453,0.0,0.418,0.407,1.168,1.729,1.892,1.677,1.381,1.04,1.589,1.487,1.545,0.886,1.492,2.138,0.138,0.944,1.313,0.777,0.364,1.339,1.966,1.113,1.293,2.217,0.755,1.298,1.077,1.817,1.188,1.147,1.446,1.0,1.398,1.473,2.669,1.726,0.38,1.268,1.113,1.922,0.466,1.549
59,40.4136241,-3.697519549,649.7886963,6.0,23.0,82.0,5.0,1.004,1.149,1.155,1.441,1.435,1.335,1.358,1.21,1.697,1.029,1.534,0.967,1.018,1.922,2.041,0.499,0.763,1.679,0.98,0.97,0.495,1.912,1.667,0.907,1.681,1.379,0.164,1.829,1.875,0.875,2.102,0.983,1.746,0.605,0.825,0.914,1.085,0.905,1.409,1.105,0.45,0.808,1.045,1.511,0.997,0.771,0.892,0.48,0.841,0.172,0.698,1.732,0.99,0.941,0.804,2.113,0.403,0.618,0.418,0.0,0.757,1.459,1.576,1.817,1.524,1.367,1.332,1.575,0.816,0.874,1.236,1.357,2.539,0.375,0.87,1.604,0.624,0.582,1.186,1.822,0.443,0.921,2.073,0.709,0.627,1.003,1.742,0.517,1.072,1.431,1.292,1.324,1.398,2.525,1.573,1.435,1.559,1.099,1.769,0.816,1.414
