,x,y,elevation,demand,tw a,tw b,s,0,1,2,3,4,5,6,7,8,9,10,11,12,13,14,15,16,17,18,19,20,21,22,23,24,25,26,27,28,29,30,31,32,33,34,35,36,37,38,39,40,41,42,43,44,45,46,47,48,49,50,51,52,53,54,55,56,57,58,59,60,61,62,63,64,65,66,67,68,69,70,71,72,73,74,75,76,77,78,79,80,81,82,83,84,85,86,87,88,89,90,91,92,93,94,95,96,97,98,99,100
0,47.60571,-122.33872,5.029208183,,,,,0.0,0.62,1.126,1.403,1.278,1.426,0.816,1.316,0.795,0.337,1.427,0.481,1.082,0.914,0.873,1.236,0.122,1.323,0.157,1.274,0.925,0.615,0.992,1.096,0.727,0.223,0.674,1.416,0.37,0.831,1.384,1.051,1.075,0.835,0.701,0.925,0.733,0.887,0.751,0.907,1.178,1.072,1.089,0.924,0.902,1.592,0.552,0.324,0.817,1.792,1.409,0.943,0.195,1.115,0.432,0.232,0.45,1.424,1.058,1.316,0.439,0.586,0.123,1.176,0.734,0.159,0.156,1.779,1.145,0.898,0.932,1.2,1.434,0.727,0.915,0.4,1.391,1.286,0.932,0.909,1.178,0.573,1.06,1.104,0.102,0.92,0.368,0.717,1.474,1.864,0.365,1.235,0.521,1.179,0.826,0.428,0.506,0.936,0.75,1.091,0.752
1,47.60835101,-122.3380435,32.00079346,14.0,34.0,64.0,5.0,0.62,0.0,0.519,1.431,1.305,1.453,0.715,1.343,0.822,0.466,1.454,0.508,1.109,0.293,0.177,1.263,0.784,1.35,0.933,0.654,0.949,0.102,0.371,0.476,0.754,0.468,0.187,1.333,0.397,0.73,1.411,1.078,0.455,0.214,0.354,0.952,0.385,0.266,0.594,0.742,0.558,0.452,1.116,0.303,0.801,0.972,0.393,0.351,0.831,1.172,1.436,0.971,0.857,1.095,0.183,0.43,0.477,1.451,0.379,1.343,0.466,0.613,0.498,1.203,0.524,0.309,0.306,1.159,1.172,1.119,0.915,0.579,1.461,0.754,0.734,0.215,1.418,1.313,0.959,0.82,0.557,0.042,1.087,1.131,0.69,0.299,0.396,0.747,1.501,1.243,0.499,1.262,0.1,1.206,0.206,0.186,0.094,0.963,0.508,0.47,0.553
2,47.61161749,-122.3388652,41.31981277,11.0,8.0,96.0,5.0,1.126,0.519,0.0,1.67,1.544,1.692,0.709,1.582,1.061,1.093,1.693,1.057,1.349,0.429,0.556,1.502,1.099,1.59,1.135,0.647,1.189,0.544,0.717,0.47,0.993,0.783,0.484,1.327,1.024,0.725,1.651,1.317,0.449,0.595,0.749,1.113,0.717,0.39,0.835,0.799,0.552,0.446,1.355,0.28,0.795,0.965,0.898,0.979,0.819,1.165,1.676,1.21,1.172,1.089,1.014,0.711,0.998,1.691,0.188,1.582,1.097,0.86,1.324,1.443,0.716,0.838,0.835,1.152,1.411,1.113,0.825,0.671,2.093,0.993,0.807,1.047,1.657,1.553,1.199,0.814,0.551,0.874,1.326,1.13,1.005,0.435,1.128,1.102,1.74,1.237,0.781,1.501,0.727,1.445,0.422,0.813,0.926,1.203,0.7,0.464,0.795
3,47.60484088,-122.326481,76.65372467,12.0,33.0,99.0,5.0,1.403,1.431,1.67,0.0,0.623,0.022,0.847,0.755,0.724,0.957,0.772,0.892,0.615,1.298,1.491,0.581,1.593,0.08,1.424,1.108,0.377,1.416,1.2,1.098,0.656,1.864,1.476,1.35,0.927,0.871,1.461,0.646,1.118,1.441,1.013,0.56,1.044,1.592,0.761,0.831,1.015,1.121,0.723,1.456,1.031,1.22,0.962,0.972,0.742,0.98,0.191,0.452,1.665,0.839,1.497,1.745,1.063,0.77,1.608,0.755,0.858,0.925,1.563,0.218,1.045,1.621,1.618,0.968,0.865,0.622,1.001,0.994,1.411,0.656,0.839,1.529,0.466,0.361,0.471,0.834,1.034,1.357,0.694,0.679,1.728,1.298,0.929,0.765,0.985,1.114,1.814,0.169,1.224,0.899,1.533,1.5,1.409,0.362,1.061,0.994,0.801
4,47.60683624,-122.326024,94.82559204,11.0,49.0,110.0,5.0,1.278,1.305,1.544,0.623,0.0,0.346,0.823,0.348,0.704,0.937,0.365,0.871,0.293,1.247,1.467,0.038,1.23,0.298,1.404,1.083,0.831,1.392,1.175,1.074,0.636,1.502,1.452,0.729,0.908,0.821,0.697,0.364,1.094,1.417,0.996,0.434,1.027,1.568,0.71,0.807,0.991,1.097,0.402,1.405,1.006,1.095,0.911,1.194,0.718,0.929,0.131,0.326,1.303,0.788,1.473,1.72,1.012,0.363,1.583,0.349,1.111,0.874,1.34,0.409,1.029,1.597,1.594,0.917,0.458,0.571,0.976,0.97,0.747,0.636,0.815,1.505,0.144,0.039,0.345,0.81,1.01,1.332,0.373,0.418,1.441,1.247,1.142,0.744,0.578,0.708,1.79,0.37,1.204,0.492,1.509,1.217,1.384,0.337,1.045,0.97,0.75
5,47.60483018,-122.3268213,73.16648865,12.0,20.0,118.0,5.0,1.426,1.453,1.692,0.022,0.346,0.0,0.825,0.733,0.702,0.935,0.75,0.869,0.778,1.275,1.469,0.559,1.57,0.102,1.402,1.085,0.355,1.394,1.177,1.076,0.634,1.842,1.454,1.327,0.904,0.849,1.438,0.81,1.096,1.419,0.99,0.622,1.022,1.57,0.739,0.809,0.993,1.099,0.786,1.434,1.008,1.282,0.939,0.95,0.72,0.958,0.214,0.514,1.643,0.817,1.475,1.722,1.041,0.747,1.585,0.733,0.836,0.902,1.54,0.196,1.023,1.599,1.596,0.945,0.843,0.6,0.978,0.972,1.389,0.634,0.817,1.507,0.714,0.609,0.533,0.812,1.012,1.334,0.757,0.802,1.706,1.275,0.907,0.742,0.963,1.092,1.792,0.191,1.201,0.877,1.511,1.478,1.386,0.34,1.039,0.972,0.779
6,47.60893631,-122.3333151,52.12851334,5.0,10.0,81.0,5.0,0.816,0.715,0.709,0.847,0.823,0.825,0.0,0.864,0.427,0.929,0.975,0.688,0.631,0.669,0.64,0.784,1.222,0.872,1.395,0.362,0.555,0.565,0.348,0.352,0.36,0.931,0.625,1.121,0.859,0.091,0.745,0.599,0.267,0.59,0.115,0.388,0.083,0.738,0.173,0.086,0.27,0.433,0.637,0.676,0.068,0.76,0.264,0.814,0.105,0.96,0.958,0.492,1.294,0.494,0.646,0.893,0.629,0.973,0.753,0.864,0.728,0.227,0.955,0.725,0.347,0.769,0.767,0.947,0.506,0.277,0.099,0.34,0.795,0.359,0.094,0.678,0.939,0.834,0.481,0.1,0.183,0.505,0.608,0.405,1.432,0.675,0.759,0.468,0.835,1.031,0.963,0.783,0.562,0.54,0.682,0.648,0.557,0.485,0.331,0.248,0.213
7,47.60891152,-122.3249569,99.81824493,9.0,15.0,68.0,5.0,1.316,1.343,1.582,0.755,0.348,0.733,0.864,0.0,0.749,0.982,0.108,0.917,0.243,1.296,1.516,0.306,1.276,0.588,1.45,1.133,0.877,1.442,1.225,1.123,0.681,1.547,1.501,0.412,0.954,0.87,0.345,0.274,1.143,1.466,1.038,0.479,1.069,1.618,0.759,0.856,1.04,1.147,0.236,1.556,1.056,1.145,0.96,0.999,0.767,1.005,0.477,0.372,1.349,0.864,1.522,1.77,1.062,0.106,1.633,0.11,0.884,0.923,1.435,0.541,1.07,1.646,1.643,0.993,0.442,0.647,1.026,1.019,0.394,0.681,0.864,1.554,0.203,0.307,0.39,0.859,1.059,1.382,0.265,0.465,1.486,1.296,0.954,0.79,0.226,0.355,1.84,0.5,1.439,0.356,1.558,1.525,1.434,0.469,1.087,1.019,0.8
8,47.60592953,-122.3309753,56.41212845,7.0,11.0,108.0,5.0,0.795,0.822,1.061,0.724,0.704,0.702,0.427,0.749,0.0,0.453,0.814,0.388,0.555,0.766,0.986,0.623,0.932,0.711,1.098,0.76,0.217,0.911,0.694,0.751,0.068,1.203,0.971,0.993,0.424,0.337,0.961,0.628,0.77,0.936,0.509,0.5,0.54,1.084,0.387,0.484,0.668,0.878,0.666,0.924,0.683,1.158,0.423,0.469,0.394,0.83,0.69,0.392,1.005,0.689,0.992,1.239,0.454,0.812,1.1,0.703,0.355,0.551,1.083,0.564,0.541,1.116,1.113,0.817,0.722,0.472,0.653,0.646,1.011,0.068,0.492,1.024,0.779,0.674,0.411,0.487,0.687,0.851,0.637,0.681,1.134,0.766,0.425,0.073,0.84,0.972,1.309,0.623,0.721,0.756,1.028,0.733,0.903,0.323,0.557,0.646,0.427
9,47.60482444,-122.3356726,16.40773392,10.0,53.0,86.0,5.0,0.337,0.466,1.093,0.957,0.937,0.935,0.929,0.982,0.453,0.0,1.274,0.329,0.93,0.759,0.53,1.083,0.288,1.171,0.462,1.12,0.581,0.555,0.837,0.941,0.385,0.559,0.653,1.799,0.069,0.679,1.232,0.898,0.92,0.68,0.549,0.773,0.58,0.732,0.599,0.754,1.024,0.918,0.936,0.769,0.75,1.438,0.397,0.114,0.665,1.637,1.257,0.791,0.361,0.962,0.376,0.569,0.297,1.272,0.845,1.163,0.197,0.434,0.447,0.835,0.582,0.495,0.493,1.625,0.992,0.745,0.78,1.045,1.281,0.385,0.762,0.343,1.238,1.134,0.78,0.757,1.023,0.495,0.907,0.952,0.499,0.765,0.216,0.379,1.321,1.709,0.702,1.082,0.366,1.026,0.672,0.371,0.449,0.595,0.598,0.936,0.6
10,47.60811222,-122.3241498,99.52987671,7.0,16.0,100.0,5.0,1.427,1.454,1.693,0.772,0.365,0.75,0.975,0.108,0.814,1.274,0.0,1.079,0.405,1.455,1.678,0.246,1.438,0.48,1.612,1.295,1.039,1.604,1.387,1.285,0.844,1.709,1.663,0.571,1.116,1.028,0.504,0.437,1.305,1.629,1.2,0.641,1.231,1.78,0.918,1.019,1.203,1.309,0.412,1.613,1.218,1.302,1.118,1.161,0.929,1.137,0.369,0.534,1.511,0.996,1.684,1.932,1.22,0.374,1.795,0.16,1.046,1.081,1.548,0.429,1.233,1.808,1.806,1.124,0.666,0.779,1.188,1.181,0.553,0.843,1.027,1.717,0.095,0.199,0.553,1.022,1.221,1.544,0.429,0.625,1.648,1.455,1.117,0.952,0.59,0.514,2.002,0.392,1.412,0.7,1.721,1.424,1.596,0.544,1.249,1.181,0.958
11,47.6068428,-122.3345083,42.05505371,7.0,48.0,91.0,5.0,0.481,0.508,1.057,0.892,0.871,0.869,0.688,0.917,0.388,0.329,1.079,0.0,0.677,0.371,0.691,0.83,0.731,0.918,0.905,0.695,0.517,0.616,0.399,0.607,0.322,1.002,0.615,1.01,0.363,0.344,0.979,0.645,0.586,0.441,0.214,0.52,0.245,0.694,0.266,0.418,0.689,0.583,0.683,0.529,0.414,1.103,0.065,0.318,0.438,1.303,1.004,0.538,0.804,0.709,0.438,0.858,0.136,1.019,0.805,0.91,0.235,0.181,0.464,0.771,0.246,0.462,0.46,1.29,0.739,0.492,0.444,0.673,1.028,0.321,0.426,0.406,0.985,0.881,0.527,0.433,0.528,0.556,0.654,0.699,0.941,0.371,0.266,0.43,1.068,0.989,0.927,0.829,0.328,0.773,0.634,0.341,0.608,0.531,0.262,0.602,0.226
12,47.60901465,-122.3270204,91.76778412,9.0,66.0,98.0,5.0,1.082,1.109,1.349,0.615,0.293,0.778,0.631,0.243,0.555,0.93,0.405,0.677,0.0,1.141,1.361,0.251,1.12,0.535,1.294,0.977,0.721,1.286,1.069,0.968,0.526,1.391,1.346,0.558,0.798,0.714,0.502,0.031,0.988,1.311,0.882,0.323,0.913,1.462,0.604,0.701,0.885,0.991,0.107,1.4,0.9,0.984,0.805,0.843,0.611,0.85,0.524,0.216,1.193,0.709,1.367,1.614,0.906,0.343,1.477,0.235,0.728,0.768,1.279,0.484,0.915,1.49,1.488,0.837,0.263,0.491,0.87,0.863,0.552,0.525,0.709,1.399,0.311,0.354,0.235,0.704,0.904,1.226,0.078,0.222,1.331,1.141,0.799,0.634,0.372,0.501,1.684,0.446,1.283,0.297,1.403,1.369,1.278,0.343,0.931,0.864,0.644
13,47.6091182,-122.337541,37.80448532,13.0,64.0,92.0,5.0,0.914,0.293,0.429,1.298,1.247,1.275,0.669,1.296,0.766,0.759,1.455,0.371,1.141,0.0,0.323,1.408,0.905,1.444,1.078,0.499,0.893,0.248,0.217,0.321,0.845,0.614,0.308,1.179,0.542,0.576,1.995,1.224,0.3,0.061,0.484,0.965,0.516,0.425,0.537,0.588,0.404,0.298,1.261,0.149,0.647,0.818,0.336,0.497,0.677,1.017,1.423,1.065,0.977,0.941,0.329,0.576,0.312,2.246,0.439,1.488,0.411,0.468,0.638,1.147,0.224,0.452,0.45,1.005,1.082,0.965,0.761,0.425,1.946,0.845,0.58,0.361,1.564,1.459,1.054,0.665,0.403,0.188,1.232,0.982,1.115,0.087,0.442,0.692,2.114,1.089,0.646,1.356,0.245,1.116,0.365,0.331,0.24,1.357,0.208,0.316,0.497
14,47.60841268,-122.3395847,33.25631714,10.0,24.0,69.0,5.0,0.873,0.177,0.556,1.491,1.467,1.469,0.64,1.516,0.986,0.53,1.678,0.691,1.361,0.323,0.0,1.538,0.608,1.625,0.905,0.683,1.224,0.106,0.4,0.504,1.028,0.292,0.088,1.362,0.672,0.759,2.178,1.353,0.483,0.243,0.521,1.148,0.552,0.295,0.87,0.771,0.587,0.481,1.391,0.332,0.83,1.001,0.667,0.627,0.86,1.2,1.711,1.246,0.68,1.124,0.155,0.253,0.643,1.727,0.408,1.618,0.741,0.895,0.465,1.479,0.553,0.38,0.378,1.188,1.447,1.148,0.944,0.608,2.129,1.028,0.763,0.187,1.693,1.588,1.235,0.848,0.586,0.21,1.362,1.165,0.514,0.328,0.671,1.022,2.297,1.272,0.323,1.537,0.375,1.481,0.235,0.25,0.081,1.238,0.537,0.499,0.829
15,47.60713089,-122.3263893,93.8002243,5.0,41.0,85.0,5.0,1.236,1.263,1.502,0.581,0.038,0.559,0.784,0.306,0.623,1.083,0.246,0.83,0.251,1.408,1.538,0.0,1.188,0.336,1.362,1.041,0.789,1.35,1.133,1.031,0.594,1.459,1.41,0.687,0.866,0.778,0.655,0.322,1.051,1.375,0.954,0.391,0.985,1.526,0.668,0.765,0.949,1.055,0.36,1.363,0.964,1.052,0.869,1.152,0.675,0.887,0.169,0.284,1.261,0.746,1.43,1.678,0.97,0.321,1.541,0.307,1.069,0.832,1.298,0.367,0.987,1.554,1.552,0.875,0.416,0.529,0.934,0.927,0.705,0.593,0.773,1.463,0.151,0.046,0.303,0.768,0.967,1.29,0.331,0.375,1.399,1.205,1.1,0.702,0.536,0.665,1.748,0.328,1.162,0.45,1.467,1.175,1.342,0.295,1.003,0.927,0.708
16,47.60485846,-122.3383785,4.751865387,7.0,16.0,81.0,5.0,0.122,0.784,1.099,1.593,1.23,1.57,1.222,1.276,0.932,0.288,1.438,0.731,1.12,0.905,0.608,1.188,0.0,1.256,0.264,1.207,0.854,0.547,0.924,1.029,0.66,0.344,0.607,1.349,0.302,0.764,1.317,0.984,1.008,0.768,0.634,0.858,0.666,0.82,0.684,0.839,1.111,1.005,1.021,0.856,0.835,1.525,0.485,0.257,0.75,1.725,1.342,0.876,0.11,1.048,0.365,0.354,0.382,1.357,1.18,1.248,0.372,0.519,0.055,1.109,0.667,0.28,0.278,1.712,1.078,0.83,0.865,1.133,1.367,0.66,0.847,0.333,1.324,1.219,0.865,0.842,1.11,0.506,0.992,1.037,0.209,0.852,0.301,0.653,1.407,1.796,0.487,1.168,0.454,1.112,0.759,0.361,0.439,0.869,0.683,1.023,0.685
17,47.60523326,-122.3262153,82.94135284,11.0,20.0,89.0,5.0,1.323,1.35,1.59,0.08,0.298,0.102,0.872,0.588,0.711,1.171,0.48,0.918,0.535,1.444,1.625,0.336,1.256,0.0,1.45,1.133,0.877,1.442,1.225,1.124,0.682,1.547,1.502,0.97,0.954,0.87,0.938,0.566,1.144,1.467,1.038,0.479,1.069,1.618,0.76,0.857,1.041,1.147,0.643,1.556,1.056,1.14,0.961,0.999,0.767,1.006,0.111,0.372,1.349,0.893,1.523,1.77,1.062,0.605,1.633,0.591,0.884,0.924,1.435,0.268,1.071,1.646,1.644,0.993,0.699,0.647,1.026,1.019,0.988,0.681,0.865,1.555,0.385,0.281,0.391,0.86,1.06,1.382,0.614,0.599,1.487,1.297,0.955,0.79,0.82,0.948,1.84,0.088,1.439,0.733,1.559,1.525,1.434,0.382,1.087,1.02,0.8
18,47.60484302,-122.3403138,4.038931847,6.0,57.0,96.0,5.0,0.157,0.933,1.135,1.424,1.404,1.402,1.395,1.45,1.098,0.462,1.612,0.905,1.294,1.078,0.905,1.362,0.264,1.45,0.0,1.402,1.234,0.743,1.12,1.224,0.855,0.38,0.802,1.544,0.497,0.959,1.512,1.179,1.203,0.963,0.829,1.053,0.861,1.015,0.879,1.035,1.306,1.2,1.217,1.052,1.03,1.72,0.68,0.452,0.945,1.92,1.537,1.071,0.337,1.243,0.56,0.39,0.578,1.552,1.127,1.443,0.567,0.714,0.251,1.304,0.862,0.262,0.264,1.907,1.273,1.026,1.06,1.328,1.562,0.855,1.043,0.528,1.519,1.414,1.06,1.037,1.306,0.701,1.188,1.232,0.133,1.048,0.496,0.846,1.602,1.992,0.522,1.363,0.649,1.307,0.954,0.556,0.634,1.064,0.878,1.219,0.88
19,47.61121663,-122.3333144,44.5942688,8.0,62.0,117.0,5.0,1.274,0.654,0.647,1.108,1.083,1.085,0.362,1.133,0.76,1.12,1.295,0.695,0.977,0.499,0.683,1.041,1.207,1.133,1.402,0.0,0.93,0.675,0.459,0.357,0.735,1.042,0.735,0.757,0.97,0.466,1.574,1.059,0.377,0.7,0.49,0.543,0.459,0.672,0.577,0.335,0.274,0.544,1.097,0.61,0.29,0.396,0.639,0.925,0.366,0.596,1.002,0.643,1.405,0.519,0.756,1.003,0.74,1.824,0.688,1.931,0.839,0.602,1.066,0.972,0.457,0.88,0.877,0.583,0.661,0.543,0.259,0.022,1.524,0.735,0.343,0.788,1.399,1.294,0.632,0.457,0.293,0.615,1.068,0.56,1.542,0.785,0.869,0.843,1.692,0.667,1.073,0.934,0.673,0.695,0.704,0.759,0.668,0.796,0.441,0.253,0.536
20,47.60506758,-122.3296319,56.37525558,12.0,62.0,114.0,5.0,0.925,0.949,1.189,0.377,0.831,0.355,0.555,0.877,0.217,0.581,1.039,0.517,0.721,0.893,1.224,0.789,0.854,0.877,1.234,0.93,0.0,1.038,0.824,1.032,0.195,1.147,1.136,1.353,0.552,0.768,1.321,0.988,1.011,1.163,0.638,0.575,0.67,1.215,0.461,0.558,0.742,1.008,1.026,1.051,0.839,1.528,0.553,0.597,0.469,0.905,0.486,0.467,0.949,0.764,1.118,1.157,0.581,0.977,1.229,0.963,0.482,0.523,1.027,0.426,0.671,0.985,0.982,0.892,1.082,0.546,0.869,0.721,1.619,0.196,0.566,0.923,0.944,0.839,0.486,0.561,0.761,0.978,0.997,1.041,1.078,0.893,0.697,0.201,1.193,1.331,1.448,0.788,0.849,1.116,1.154,0.862,1.03,0.57,0.687,0.721,0.648
21,47.60836352,-122.339118,32.37540436,15.0,14.0,84.0,5.0,0.615,0.102,0.544,1.416,1.392,1.394,0.565,1.442,0.911,0.555,1.604,0.616,1.286,0.248,0.106,1.35,0.547,1.442,0.743,0.675,1.038,0.0,0.372,0.476,1.0,0.378,0.06,1.334,0.486,0.731,1.5,1.167,0.455,0.215,0.443,1.12,0.474,0.267,0.842,0.743,0.559,0.453,1.205,0.304,0.802,0.973,0.482,0.44,0.832,1.172,1.525,1.059,0.831,1.096,0.182,0.34,0.615,1.54,0.38,1.431,0.555,0.867,0.492,1.292,0.525,0.306,0.303,1.16,1.261,1.12,0.916,0.58,1.55,1.0,0.735,0.215,1.507,1.402,1.048,0.82,0.558,0.06,1.176,1.22,0.969,0.3,0.484,0.836,1.59,1.244,0.409,1.351,0.189,1.295,0.207,0.277,0.094,1.052,0.509,0.471,0.801
22,47.60978773,-122.3364008,39.41640854,5.0,55.0,79.0,5.0,0.992,0.371,0.717,1.2,1.175,1.177,0.348,1.225,0.694,0.837,1.387,0.399,1.069,0.217,0.4,1.133,0.924,1.225,1.12,0.459,0.824,0.372,0.0,0.208,0.731,0.966,0.575,1.065,1.024,0.462,1.882,1.055,0.187,0.157,0.232,0.851,0.455,0.39,0.573,0.474,0.29,0.184,1.093,0.328,0.533,0.704,0.459,0.979,0.563,0.904,1.31,0.951,1.355,0.827,0.452,0.816,0.435,2.132,0.405,1.32,0.534,0.598,0.762,1.28,0.153,0.942,0.94,0.891,0.969,0.851,0.647,0.311,1.832,0.731,0.466,0.484,1.395,1.29,0.94,0.552,0.289,0.311,1.064,0.868,1.188,0.483,1.023,0.84,2.0,0.975,0.885,1.242,0.727,1.003,0.421,0.813,0.363,0.94,0.137,0.202,0.533
23,47.61126747,-122.3352385,38.65163422,9.0,60.0,85.0,5.0,1.096,0.476,0.47,1.098,1.074,1.076,0.352,1.123,0.751,0.941,1.285,0.607,0.968,0.321,0.504,1.031,1.029,1.124,1.224,0.357,1.032,0.476,0.208,0.0,0.638,1.07,0.679,0.858,1.128,0.369,1.674,0.851,0.093,0.699,0.393,0.644,0.362,0.494,0.801,0.267,0.083,0.024,0.888,0.432,0.47,0.496,0.542,1.083,0.356,0.696,1.102,0.743,1.459,0.619,0.92,0.92,0.903,1.925,0.51,2.031,1.002,0.505,1.229,1.072,0.361,1.047,1.044,0.683,0.761,0.643,0.44,0.104,1.624,0.637,0.259,0.952,1.191,1.086,0.732,0.637,0.196,0.774,0.859,0.661,1.292,0.587,1.127,0.746,1.792,0.768,0.99,1.035,0.831,0.795,0.526,0.917,0.826,0.896,0.345,0.104,0.439
24,47.60633068,-122.3312732,58.37212372,5.0,16.0,44.0,5.0,0.727,0.754,0.993,0.656,0.636,0.634,0.36,0.681,0.068,0.385,0.844,0.322,0.526,0.845,1.028,0.594,0.66,0.682,0.855,0.735,0.195,1.0,0.731,0.638,0.0,1.238,1.227,0.962,0.643,0.269,0.93,0.597,0.813,1.254,0.441,0.568,0.472,1.306,0.297,0.552,0.736,0.811,0.634,1.142,0.751,1.226,0.356,0.688,0.462,0.898,0.758,0.46,1.04,0.757,1.209,1.248,0.672,1.068,1.032,0.861,0.573,0.229,1.118,0.631,0.474,1.076,1.073,0.885,0.691,0.539,0.721,0.714,0.98,0.096,0.56,1.014,0.937,0.832,0.479,0.554,0.442,1.069,0.605,0.65,1.169,0.984,0.358,0.108,1.02,0.94,1.539,0.691,0.94,0.725,1.245,0.953,1.121,0.661,0.49,0.714,0.256
25,47.60734419,-122.3399876,10.65149117,10.0,14.0,88.0,5.0,0.223,0.468,0.783,1.864,1.502,1.842,0.931,1.547,1.203,0.559,1.709,1.002,1.391,0.614,0.292,1.459,0.344,1.547,0.38,1.042,1.147,0.378,0.966,1.07,1.238,0.0,0.248,1.523,0.592,0.919,1.607,1.274,0.644,0.404,0.55,1.148,0.582,0.456,0.974,0.931,0.747,0.641,1.311,0.492,0.99,1.161,0.662,0.547,1.04,1.361,1.632,1.166,0.417,1.284,0.184,0.038,0.672,1.647,0.864,1.538,0.661,0.809,0.345,1.399,0.713,0.216,0.213,1.348,1.368,1.12,1.105,0.769,1.656,0.949,0.923,0.216,1.613,1.509,1.155,1.009,0.746,0.24,1.282,1.327,0.251,0.488,0.591,0.94,1.697,1.432,0.171,1.457,0.368,1.401,0.395,0.279,0.111,1.159,0.697,0.659,0.975
26,47.60884079,-122.339493,36.03515625,7.0,36.0,104.0,5.0,0.674,0.187,0.484,1.476,1.452,1.454,0.625,1.501,0.971,0.653,1.663,0.615,1.346,0.308,0.088,1.41,0.607,1.502,0.802,0.735,1.136,0.06,0.575,0.679,1.227,0.248,0.0,1.274,0.584,0.671,2.091,1.265,0.396,0.155,0.541,1.06,0.664,0.207,0.782,0.683,0.499,0.393,1.303,0.244,0.742,0.913,0.579,0.539,0.772,1.113,1.624,1.158,0.707,1.036,0.242,0.28,0.556,1.639,0.32,1.53,0.653,0.807,0.552,1.391,0.465,0.407,0.404,1.1,1.359,1.06,0.856,0.52,2.041,0.94,0.675,0.274,1.605,1.501,1.147,0.761,0.498,0.12,1.274,1.077,0.54,0.24,0.583,0.934,2.209,1.184,0.35,1.449,0.287,1.393,0.147,0.337,0.154,1.151,0.449,0.411,0.741
27,47.61085332,-122.3270073,93.6714859,6.0,16.0,95.0,5.0,1.416,1.333,1.327,1.35,0.729,1.327,1.121,0.412,0.993,1.799,0.571,1.01,0.558,1.179,1.362,0.687,1.349,0.97,1.544,0.757,1.353,1.334,1.065,0.858,0.962,1.523,1.274,0.0,1.071,0.653,0.15,0.434,0.926,1.249,0.829,0.369,0.86,1.4,0.542,0.639,0.823,0.929,0.207,1.237,0.839,0.951,0.743,1.026,0.55,0.762,0.742,0.469,1.512,0.621,1.305,1.553,0.845,0.841,1.416,0.265,0.944,0.706,1.173,0.8,0.861,1.429,1.426,0.749,0.227,0.403,0.809,0.802,0.199,0.839,0.647,1.337,0.468,0.573,0.458,0.642,0.842,1.165,0.236,0.25,1.649,1.079,0.974,0.948,0.24,0.16,1.622,0.762,1.037,0.142,1.341,1.049,1.217,0.728,0.877,0.802,0.583
28,47.6053428,-122.3352053,24.23027611,8.0,42.0,111.0,5.0,0.37,0.397,1.024,0.927,0.908,0.904,0.859,0.954,0.424,0.069,1.116,0.363,0.798,0.542,0.672,0.866,0.302,0.954,0.497,0.97,0.552,0.486,1.024,1.128,0.643,0.592,0.584,1.071,0.0,0.608,1.16,0.827,0.851,0.611,0.478,0.701,0.509,0.663,0.529,0.683,0.954,0.848,0.865,0.7,0.678,1.368,0.328,0.045,0.593,1.568,1.185,0.72,0.436,0.891,0.566,0.826,0.226,1.201,0.776,1.092,0.215,0.362,0.247,0.953,0.51,0.433,0.43,1.556,0.921,0.674,0.708,0.976,1.21,0.503,0.691,0.598,1.167,1.062,0.709,0.686,0.954,0.426,0.836,0.88,0.573,0.696,0.145,0.35,1.25,1.64,0.896,1.011,0.297,0.955,0.602,0.31,0.478,0.712,0.526,0.867,0.528
29,47.60833108,-122.3332975,52.81223297,9.0,55.0,106.0,5.0,0.831,0.73,0.725,0.871,0.821,0.849,0.091,0.87,0.337,0.679,1.028,0.344,0.714,0.576,0.759,0.778,0.764,0.87,0.959,0.466,0.768,0.731,0.462,0.369,0.269,0.919,0.671,0.653,0.608,0.0,0.926,0.593,0.276,0.579,0.13,0.467,0.099,0.832,0.111,0.181,0.365,0.628,0.63,0.667,0.177,1.148,0.173,0.456,0.359,0.798,0.951,0.485,0.942,0.657,0.576,0.996,0.274,0.966,0.849,0.857,0.373,0.136,0.602,0.718,0.291,0.6,0.597,0.785,0.687,0.439,0.207,0.435,0.976,0.269,0.189,0.544,0.933,0.828,0.474,0.195,0.173,0.601,0.602,0.646,1.079,0.509,0.404,0.377,1.016,0.936,1.065,0.777,0.466,0.721,0.772,0.479,0.653,0.478,0.307,0.25,0.07
30,47.61135312,-122.3252014,99.33661652,12.0,59.0,106.0,5.0,1.384,1.411,1.651,1.461,0.697,1.438,0.745,0.345,0.961,1.232,0.504,0.979,0.502,1.995,2.178,0.655,1.317,0.938,1.512,1.574,1.321,1.5,1.882,1.674,0.93,1.607,2.091,0.15,1.16,0.926,0.0,0.471,1.016,1.339,0.918,0.459,0.95,1.639,0.632,0.729,0.913,1.019,0.297,1.327,0.929,0.83,0.833,1.116,0.64,0.852,0.829,0.559,1.602,0.711,1.395,1.642,0.934,0.691,1.654,0.355,1.033,0.796,1.262,1.246,0.951,1.519,1.516,0.839,0.317,0.493,0.898,0.892,0.05,0.929,0.737,1.427,0.558,0.663,0.548,0.732,0.932,1.254,0.326,0.34,1.739,1.169,1.064,1.037,0.118,0.23,1.712,1.208,1.126,0.232,1.431,1.139,1.307,1.174,0.967,0.892,0.673
31,47.60919017,-122.3273992,88.37284851,5.0,31.0,91.0,5.0,1.051,1.078,1.317,0.646,0.364,0.81,0.599,0.274,0.628,0.898,0.437,0.645,0.031,1.224,1.353,0.322,0.984,0.566,1.179,1.059,0.988,1.167,1.055,0.851,0.597,1.274,1.265,0.434,0.827,0.593,0.471,0.0,1.019,1.342,0.913,0.355,0.945,1.493,0.483,0.732,0.916,1.022,0.076,1.178,0.932,1.015,0.684,0.874,0.643,0.702,0.556,0.247,1.224,0.561,1.398,1.645,0.785,0.375,1.509,0.266,0.759,0.647,1.113,0.515,0.946,1.522,1.519,0.69,0.231,0.344,0.901,0.895,0.52,0.557,0.74,1.43,0.342,0.386,0.266,0.735,0.935,1.257,0.047,0.191,1.362,1.02,0.83,0.666,0.403,0.481,1.715,0.478,0.977,0.265,1.434,1.401,1.31,0.375,0.962,0.895,0.523
32,47.61049947,-122.3350868,40.30041122,8.0,18.0,72.0,5.0,1.075,0.455,0.449,1.118,1.094,1.096,0.267,1.143,0.77,0.92,1.305,0.586,0.988,0.3,0.483,1.051,1.008,1.144,1.203,0.377,1.011,0.455,0.187,0.093,0.813,0.644,0.396,0.926,0.851,0.276,1.016,1.019,0.0,0.51,0.3,0.743,0.269,0.658,0.386,0.35,0.176,0.069,0.906,0.596,0.346,0.589,0.449,0.734,0.37,0.789,1.227,0.761,1.214,0.713,0.566,0.813,0.549,1.242,0.673,1.133,0.648,0.412,0.875,0.994,0.267,0.689,0.687,0.777,0.962,0.715,0.376,0.197,1.251,0.544,0.358,0.598,1.208,1.104,0.75,0.365,0.103,0.425,0.877,0.922,1.352,0.595,0.679,0.653,1.291,0.861,0.883,1.052,0.482,0.996,0.602,0.568,0.477,0.754,0.251,0.016,0.346
33,47.60963463,-122.3378483,38.32853317,5.0,7.0,43.0,5.0,0.835,0.214,0.595,1.441,1.417,1.419,0.59,1.466,0.936,0.68,1.629,0.441,1.311,0.061,0.243,1.375,0.768,1.467,0.963,0.7,1.163,0.215,0.157,0.699,1.254,0.404,0.155,1.249,0.611,0.579,1.339,1.342,0.51,0.0,0.554,0.905,0.509,0.234,0.607,0.528,0.344,0.238,1.146,0.088,0.587,0.758,0.406,0.567,0.617,0.957,1.363,1.005,1.048,0.881,0.399,0.646,0.382,2.186,0.245,1.373,0.481,0.652,0.708,1.334,0.31,0.522,0.52,0.945,1.022,0.905,0.701,0.365,1.886,0.785,0.52,0.431,1.449,1.344,0.994,0.605,0.343,0.258,1.117,0.922,1.185,0.067,0.512,0.893,2.054,1.029,0.716,1.296,0.315,1.056,0.174,0.402,0.31,0.994,0.294,0.256,0.567
34,47.60821219,-122.334522,46.72781754,14.0,19.0,80.0,5.0,0.701,0.354,0.749,1.013,0.996,0.99,0.115,1.038,0.509,0.549,1.2,0.214,0.882,0.484,0.521,0.954,0.634,1.038,0.829,0.49,0.638,0.443,0.232,0.393,0.441,0.55,0.541,0.829,0.478,0.13,0.918,0.913,0.3,0.554,0.0,0.597,0.031,0.622,0.241,0.205,0.389,0.416,0.76,0.456,0.201,0.879,0.303,0.586,0.225,1.079,1.081,0.615,1.072,0.787,0.53,0.777,0.253,1.096,0.638,0.987,0.352,0.266,0.732,0.848,0.079,0.39,0.388,1.066,0.817,0.569,0.231,0.459,1.106,0.399,0.213,0.562,1.063,0.958,0.604,0.22,0.315,0.389,0.732,0.776,1.209,0.298,0.534,0.507,1.146,1.066,0.847,0.907,0.446,0.851,0.566,0.267,0.441,0.608,0.096,0.368,0.2
35,47.60897938,-122.3293861,73.52985382,15.0,56.0,108.0,5.0,0.925,0.952,1.113,0.56,0.434,0.622,0.388,0.479,0.5,0.773,0.641,0.52,0.323,0.965,1.148,0.391,0.858,0.479,1.053,0.543,0.575,1.12,0.851,0.644,0.568,1.148,1.06,0.369,0.701,0.467,0.459,0.355,0.743,0.905,0.597,0.0,0.593,1.137,0.276,0.373,0.556,0.663,0.245,0.97,0.572,0.66,0.476,0.76,0.283,0.495,0.458,0.1,1.245,0.414,1.038,1.286,0.578,0.581,1.152,0.472,0.677,0.439,0.906,0.429,0.594,1.162,1.159,0.482,0.22,0.137,0.542,0.535,0.509,0.47,0.38,1.071,0.547,0.442,0.089,0.375,0.575,0.898,0.216,0.12,1.382,0.812,0.707,0.579,0.549,0.469,1.356,0.391,0.77,0.254,1.074,0.782,0.95,0.358,0.611,0.535,0.316
36,47.60870253,-122.3344932,46.3562851,14.0,17.0,108.0,5.0,0.733,0.385,0.717,1.044,1.027,1.022,0.083,1.069,0.54,0.58,1.231,0.245,0.913,0.516,0.552,0.985,0.666,1.069,0.861,0.459,0.67,0.474,0.455,0.362,0.472,0.582,0.664,0.86,0.509,0.099,0.95,0.945,0.269,0.509,0.031,0.593,0.0,0.654,0.209,0.174,0.358,0.534,0.729,0.488,0.169,0.848,0.272,0.555,0.193,1.048,1.05,0.584,1.04,0.756,0.747,0.994,0.284,1.065,0.669,0.956,0.383,0.235,0.701,0.817,0.111,0.421,0.419,1.035,0.786,0.538,0.2,0.428,1.074,0.367,0.182,0.779,1.031,0.927,0.573,0.188,0.284,0.606,0.7,0.745,1.178,0.33,0.503,0.476,1.115,1.035,1.064,0.875,0.565,0.819,0.783,0.298,0.658,0.577,0.127,0.336,0.169
37,47.61043792,-122.3397934,43.4410553,13.0,23.0,95.0,5.0,0.887,0.266,0.39,1.592,1.568,1.57,0.738,1.618,1.084,0.732,1.78,0.694,1.462,0.425,0.295,1.526,0.82,1.618,1.015,0.672,1.215,0.267,0.39,0.494,1.306,0.456,0.207,1.4,0.663,0.832,1.639,1.493,0.658,0.234,0.622,1.137,0.654,0.0,0.861,0.762,0.578,0.472,1.382,0.323,0.821,0.992,0.659,0.618,0.851,1.191,1.703,1.237,0.876,1.115,0.45,0.45,0.634,1.718,0.407,1.609,0.732,0.886,0.764,1.47,0.544,0.576,0.574,1.179,1.438,1.139,0.935,0.599,2.12,1.019,0.754,0.482,1.684,1.579,1.226,0.84,0.577,0.309,1.353,1.398,0.71,0.319,0.662,1.013,1.767,1.263,0.519,1.528,0.366,1.472,0.06,0.452,0.361,1.23,0.528,0.49,0.82
38,47.60840954,-122.3324225,58.42050171,5.0,62.0,82.0,5.0,0.751,0.594,0.835,0.761,0.71,0.739,0.173,0.759,0.387,0.599,0.918,0.266,0.604,0.537,0.87,0.668,0.684,0.76,0.879,0.577,0.461,0.842,0.573,0.801,0.297,0.974,0.782,0.542,0.529,0.111,0.632,0.483,0.386,0.607,0.241,0.276,0.209,0.861,0.0,0.157,0.341,0.656,0.56,0.695,0.487,0.831,0.201,0.484,0.068,0.523,0.881,0.415,0.969,0.381,0.604,1.023,0.302,0.896,0.877,0.787,0.401,0.164,0.63,0.648,0.319,0.628,0.625,0.51,0.617,0.164,0.326,0.32,0.906,0.296,0.165,0.572,0.863,0.758,0.404,0.16,0.284,0.629,0.532,0.292,1.107,0.537,0.432,0.405,0.946,0.866,1.093,0.707,0.494,0.651,0.8,0.507,0.681,0.408,0.335,0.32,0.04
39,47.60939446,-122.3329655,52.67936325,5.0,37.0,87.0,5.0,0.907,0.742,0.799,0.831,0.807,0.809,0.086,0.856,0.484,0.754,1.019,0.418,0.701,0.588,0.771,0.765,0.839,0.857,1.035,0.335,0.558,0.743,0.474,0.267,0.552,0.931,0.683,0.639,0.683,0.181,0.729,0.732,0.35,0.528,0.205,0.373,0.174,0.762,0.157,0.0,0.184,0.29,0.621,0.699,0.199,0.679,0.549,0.834,0.089,0.878,0.942,0.476,1.315,0.479,0.666,0.913,0.649,0.957,0.776,0.848,0.748,0.512,0.976,0.709,0.367,0.79,0.787,0.866,0.49,0.261,0.169,0.163,0.779,0.644,0.008,0.698,0.923,0.819,0.465,0.084,0.203,0.525,0.592,0.389,1.452,0.695,0.779,0.753,0.819,0.95,0.983,0.767,0.582,0.524,0.702,0.669,0.577,0.469,0.351,0.163,0.198
40,47.61078559,-122.334293,41.20732117,7.0,33.0,98.0,5.0,1.178,0.558,0.552,1.015,0.991,0.993,0.27,1.04,0.668,1.024,1.203,0.689,0.885,0.404,0.587,0.949,1.111,1.041,1.306,0.274,0.742,0.559,0.29,0.083,0.736,0.747,0.499,0.823,0.954,0.365,0.913,0.916,0.176,0.344,0.389,0.556,0.358,0.578,0.341,0.184,0.0,0.106,0.887,0.515,0.194,0.495,0.543,1.166,0.273,0.694,1.1,0.742,1.542,0.618,0.66,1.003,0.644,1.923,0.592,2.029,0.743,0.506,1.312,1.071,0.362,1.129,1.127,0.682,0.76,0.642,0.164,0.021,1.623,0.639,0.176,0.693,1.189,1.084,0.731,0.268,0.197,0.52,0.858,0.659,1.375,0.67,1.21,0.748,1.791,0.766,1.072,1.033,0.914,0.794,0.608,1.0,0.572,0.895,0.345,0.021,0.381
41,47.61076557,-122.3351513,39.25095367,13.0,13.0,100.0,5.0,1.072,0.452,0.446,1.121,1.097,1.099,0.433,1.147,0.878,0.918,1.309,0.583,0.991,0.298,0.481,1.055,1.005,1.147,1.2,0.544,1.008,0.453,0.184,0.024,0.811,0.641,0.393,0.929,0.848,0.628,1.019,1.022,0.069,0.238,0.416,0.663,0.534,0.472,0.656,0.29,0.106,0.0,0.912,0.54,0.494,0.52,0.518,0.804,0.379,0.72,1.126,0.767,1.284,0.643,0.635,1.028,0.619,1.949,0.618,2.055,0.718,0.481,0.945,1.096,0.337,0.759,0.756,0.707,0.785,0.667,0.463,0.127,1.648,0.614,0.282,0.667,1.214,1.11,0.756,0.661,0.172,0.494,0.883,0.684,1.421,0.304,0.748,0.722,1.816,0.791,1.098,1.058,0.552,0.819,0.634,0.638,0.547,0.92,0.321,0.127,0.415
42,47.60962995,-122.3268145,95.88911438,14.0,0.0,88.0,5.0,1.089,1.116,1.355,0.723,0.402,0.786,0.637,0.236,0.666,0.936,0.412,0.683,0.107,1.261,1.391,0.36,1.021,0.643,1.217,1.097,1.026,1.205,1.093,0.888,0.634,1.311,1.303,0.207,0.865,0.63,0.297,0.076,0.906,1.146,0.76,0.245,0.729,1.382,0.56,0.621,0.887,0.912,0.0,1.216,0.817,0.905,0.722,1.005,0.528,0.74,0.531,0.406,1.49,0.599,1.283,1.531,0.823,0.333,1.394,0.227,0.922,0.684,1.151,0.594,0.84,1.407,1.405,0.728,0.269,0.382,0.787,0.78,0.558,0.716,0.626,1.316,0.318,0.361,0.425,0.621,0.82,1.143,0.029,0.228,1.628,1.058,0.952,0.824,0.364,0.518,1.601,0.637,1.015,0.303,1.32,1.027,1.195,0.522,0.856,0.78,0.561
43,47.61036823,-122.3383213,40.02292633,8.0,51.0,75.0,5.0,0.924,0.303,0.28,1.456,1.405,1.434,0.676,1.556,0.924,0.769,1.613,0.529,1.4,0.149,0.332,1.363,0.856,1.556,1.052,0.61,1.051,0.304,0.328,0.432,1.142,0.492,0.244,1.237,0.7,0.667,1.327,1.178,0.596,0.088,0.456,0.97,0.488,0.323,0.695,0.699,0.515,0.54,1.216,0.0,0.843,1.188,0.494,0.655,0.763,1.388,1.74,1.274,1.136,1.312,0.487,0.734,0.47,1.755,0.545,1.646,0.569,0.626,0.796,1.306,0.382,0.61,0.608,1.376,1.476,1.336,0.479,0.796,1.765,0.856,0.59,0.519,1.722,1.617,1.263,0.862,0.774,0.346,1.39,1.435,1.273,0.155,0.6,0.85,1.805,1.46,0.804,1.566,0.403,1.51,0.523,0.489,0.398,1.515,0.366,0.687,0.655
44,47.60956607,-122.3335465,48.44464111,15.0,0.0,67.0,5.0,0.902,0.801,0.795,1.031,1.006,1.008,0.068,1.056,0.683,0.75,1.218,0.414,0.9,0.647,0.83,0.964,0.835,1.056,1.03,0.29,0.839,0.802,0.533,0.47,0.751,0.99,0.742,0.839,0.678,0.177,0.929,0.932,0.346,0.587,0.201,0.572,0.169,0.821,0.487,0.199,0.194,0.494,0.817,0.843,0.0,0.827,0.46,0.746,0.173,1.027,1.238,0.773,1.226,0.562,0.577,0.825,0.561,1.254,0.685,1.145,0.66,0.423,0.887,1.005,0.278,0.701,0.698,1.014,0.573,0.344,0.03,0.407,0.862,0.556,0.161,0.609,1.22,1.115,0.762,0.168,0.114,0.437,0.889,0.473,1.364,0.606,0.69,0.665,0.902,1.099,0.894,1.064,0.494,0.607,0.613,0.58,0.489,0.765,0.262,0.316,0.357
45,47.6111066,-122.3317717,49.00352097,9.0,44.0,86.0,5.0,1.592,0.972,0.965,1.22,1.095,1.282,0.76,1.145,1.158,1.438,1.302,1.103,0.984,0.818,1.001,1.052,1.525,1.14,1.72,0.396,1.528,0.973,0.704,0.496,1.226,1.161,0.913,0.951,1.368,1.148,0.83,1.015,0.589,0.758,0.879,0.66,0.848,0.992,0.831,0.679,0.495,0.52,0.905,1.188,0.827,0.0,0.63,0.915,0.356,0.764,1.408,0.942,1.396,0.688,0.747,0.994,0.73,1.423,0.855,1.314,0.829,0.593,1.056,1.175,0.448,0.871,0.868,0.751,1.144,0.712,0.25,0.145,1.692,0.725,0.334,0.779,1.39,1.285,0.931,0.448,0.284,0.606,1.058,0.729,1.533,0.776,0.86,0.834,1.86,0.836,1.064,1.233,0.663,1.177,0.783,0.75,0.658,0.935,0.432,0.244,0.527
46,47.6073977,-122.3346369,45.78165436,13.0,3.0,34.0,5.0,0.552,0.393,0.898,0.962,0.911,0.939,0.264,0.96,0.423,0.397,1.118,0.065,0.805,0.336,0.667,0.869,0.485,0.961,0.68,0.639,0.553,0.482,0.459,0.542,0.356,0.662,0.579,0.743,0.328,0.173,0.833,0.684,0.449,0.406,0.303,0.476,0.272,0.659,0.201,0.549,0.543,0.518,0.722,0.494,0.46,0.63,0.0,0.283,0.403,1.268,1.039,0.573,0.769,0.582,0.403,0.823,0.101,1.054,0.77,0.946,0.2,0.132,0.429,0.806,0.211,0.427,0.424,1.255,0.775,0.365,0.409,0.638,1.064,0.577,0.391,0.371,1.021,0.916,0.562,0.398,0.493,0.422,0.69,0.493,0.906,0.336,0.231,0.686,1.104,1.024,0.892,0.865,0.293,0.809,0.599,0.306,0.474,0.566,0.227,0.567,0.161
47,47.60572532,-122.3354277,25.78821564,12.0,44.0,80.0,5.0,0.324,0.351,0.979,0.972,1.194,0.95,0.814,0.999,0.469,0.114,1.161,0.318,0.843,0.497,0.627,1.152,0.257,0.999,0.452,0.925,0.597,0.44,0.979,1.083,0.688,0.547,0.539,1.026,0.045,0.456,1.116,0.874,0.734,0.567,0.586,0.76,0.555,0.618,0.484,0.834,1.166,0.804,1.005,0.655,0.746,0.915,0.283,0.0,0.548,1.523,1.14,0.674,0.481,0.846,0.521,0.781,0.181,1.155,0.73,1.047,0.17,0.317,0.202,0.907,0.465,0.388,0.385,1.51,0.876,0.629,0.663,0.931,1.165,0.458,0.646,0.553,1.122,1.017,0.663,0.64,0.909,0.381,0.791,0.835,0.618,0.651,0.099,0.395,1.205,1.595,0.851,0.966,0.252,0.91,0.557,0.265,0.433,0.667,0.481,0.822,0.483
48,47.60859334,-122.3326017,57.01528168,5.0,29.0,105.0,5.0,0.817,0.831,0.819,0.742,0.718,0.72,0.105,0.767,0.394,0.665,0.929,0.438,0.611,0.677,0.86,0.675,0.75,0.767,0.945,0.366,0.469,0.832,0.563,0.356,0.462,1.04,0.772,0.55,0.593,0.359,0.64,0.643,0.37,0.617,0.225,0.283,0.193,0.851,0.068,0.089,0.273,0.379,0.528,0.763,0.173,0.356,0.403,0.548,0.0,0.964,0.852,0.387,1.404,0.389,0.755,1.003,0.739,0.868,0.866,0.759,0.838,0.232,1.065,0.619,0.456,0.879,0.876,0.951,0.401,0.172,0.259,0.252,0.689,0.364,0.097,0.787,0.834,0.729,0.376,0.092,0.292,0.615,0.503,0.3,1.542,0.784,0.5,0.473,0.73,0.65,1.072,0.678,0.672,0.434,0.791,0.758,0.667,0.379,0.44,0.252,0.108
49,47.61136956,-122.329582,63.26766968,13.0,32.0,55.0,5.0,1.792,1.172,1.165,0.98,0.929,0.958,0.96,1.005,0.83,1.637,1.137,1.303,0.85,1.017,1.2,0.887,1.725,1.006,1.92,0.596,0.905,1.172,0.904,0.696,0.898,1.361,1.113,0.762,1.568,0.798,0.852,0.702,0.789,0.957,1.079,0.495,1.048,1.191,0.523,0.878,0.694,0.72,0.74,1.388,1.027,0.764,1.268,1.523,0.964,0.0,0.916,0.526,1.423,0.514,1.217,1.464,0.756,1.007,1.327,0.898,0.855,0.618,1.084,0.789,0.773,1.34,1.338,0.013,0.544,0.29,0.72,0.713,0.833,0.75,0.559,1.249,0.974,0.869,0.515,0.554,0.754,1.076,0.673,0.443,1.561,0.991,0.886,0.859,0.873,0.579,1.534,0.849,0.948,0.578,1.253,0.961,1.128,0.549,0.789,0.714,0.494
50,47.6061775,-122.3261531,89.07831573,8.0,28.0,58.0,5.0,1.409,1.436,1.676,0.191,0.131,0.214,0.958,0.477,0.69,1.257,0.369,1.004,0.524,1.423,1.711,0.169,1.342,0.111,1.537,1.002,0.486,1.525,1.31,1.102,0.758,1.632,1.624,0.742,1.185,0.951,0.829,0.556,1.227,1.363,1.081,0.458,1.05,1.703,0.881,0.942,1.1,1.126,0.531,1.74,1.238,1.408,1.039,1.14,0.852,0.916,0.0,0.351,1.328,0.872,1.501,1.749,1.041,0.494,1.612,0.48,0.863,0.902,1.414,0.129,1.05,1.625,1.623,0.972,0.59,0.626,1.005,0.998,0.878,0.66,0.844,1.534,0.274,0.221,0.37,0.839,1.038,1.361,0.504,0.549,1.465,1.276,0.934,0.769,0.71,0.839,1.819,0.067,1.418,0.623,1.538,1.504,1.413,0.361,1.066,0.998,0.779
51,47.60809567,-122.328977,76.72692871,10.0,9.0,74.0,5.0,0.943,0.971,1.21,0.452,0.326,0.514,0.492,0.372,0.392,0.791,0.534,0.538,0.216,1.065,1.246,0.284,0.876,0.372,1.071,0.643,0.467,1.059,0.951,0.743,0.46,1.166,1.158,0.469,0.72,0.485,0.559,0.247,0.761,1.005,0.615,0.1,0.584,1.237,0.415,0.476,0.742,0.767,0.406,1.274,0.773,0.942,0.573,0.674,0.387,0.526,0.351,0.0,1.03,0.513,1.204,1.451,0.677,0.473,1.314,0.363,0.565,0.539,1.005,0.321,0.752,1.328,1.325,0.674,0.319,0.329,0.707,0.701,0.608,0.363,0.546,1.236,0.439,0.334,0.011,0.541,0.741,1.063,0.234,0.219,1.168,0.912,0.636,0.471,0.648,0.569,1.521,0.283,1.12,0.353,1.24,1.207,1.115,0.25,0.768,0.701,0.416
52,47.60527334,-122.3391541,4.726124287,10.0,48.0,93.0,5.0,0.195,0.857,1.172,1.665,1.303,1.643,1.294,1.349,1.005,0.361,1.511,0.804,1.193,0.977,0.68,1.261,0.11,1.349,0.337,1.405,0.949,0.831,1.355,1.459,1.04,0.417,0.707,1.512,0.436,0.942,1.602,1.224,1.214,1.048,1.072,1.245,1.04,0.876,0.969,1.315,1.542,1.284,1.49,1.136,1.226,1.396,0.769,0.481,1.404,1.423,1.328,1.03,0.0,1.157,0.475,0.427,0.492,1.467,1.253,1.358,0.481,0.629,0.165,1.219,0.777,0.353,0.351,1.822,1.187,0.94,0.975,1.242,1.476,0.769,0.957,0.442,1.433,1.328,0.975,0.952,1.22,0.615,1.102,1.146,0.281,0.962,0.411,0.762,1.516,1.906,0.559,1.277,0.563,1.221,0.869,0.47,0.548,0.979,0.793,1.133,0.795
53,47.61003526,-122.3294703,73.46593475,7.0,21.0,68.0,5.0,1.115,1.095,1.089,0.839,0.788,0.817,0.494,0.864,0.689,0.962,0.996,0.709,0.709,0.941,1.124,0.746,1.048,0.893,1.243,0.519,0.764,1.096,0.827,0.619,0.757,1.284,1.036,0.621,0.891,0.657,0.711,0.561,0.713,0.881,0.787,0.414,0.756,1.115,0.381,0.479,0.618,0.643,0.599,1.312,0.562,0.688,0.582,0.846,0.389,0.514,0.872,0.513,1.157,0.0,1.144,1.392,0.684,0.652,1.255,0.826,0.783,0.545,1.012,0.717,0.7,1.268,1.265,0.224,0.188,0.224,0.648,0.641,0.477,0.678,0.486,1.177,0.618,0.514,0.502,0.481,0.681,1.004,0.287,0.371,1.488,0.918,0.813,0.787,0.517,0.26,1.462,0.805,0.876,0.505,1.18,0.888,1.056,0.477,0.717,0.641,0.422
54,47.60723292,-122.3384901,24.12252998,5.0,65.0,106.0,5.0,0.432,0.183,1.014,1.497,1.473,1.475,0.646,1.522,0.992,0.376,1.684,0.438,1.367,0.329,0.155,1.43,0.365,1.523,0.56,0.756,1.118,0.182,0.452,0.92,1.209,0.184,0.242,1.305,0.566,0.576,1.395,1.398,0.566,0.399,0.53,1.038,0.747,0.45,0.604,0.666,0.66,0.635,1.283,0.487,0.577,0.747,0.403,0.521,0.755,1.217,1.501,1.204,0.475,1.144,0.0,0.408,0.38,1.464,0.562,1.355,0.478,0.625,0.31,1.216,0.399,0.124,0.121,1.342,1.184,0.937,0.597,0.762,1.473,0.766,0.579,0.032,1.43,1.325,0.972,0.586,0.74,0.141,1.099,1.143,0.786,0.482,0.408,0.757,1.513,1.426,0.478,1.274,0.269,1.218,0.389,0.095,0.074,0.975,0.415,0.653,0.564
55,47.60748977,-122.3400534,12.44904041,5.0,54.0,113.0,5.0,0.232,0.43,0.711,1.745,1.72,1.722,0.893,1.77,1.239,0.569,1.932,0.858,1.614,0.576,0.253,1.678,0.354,1.77,0.39,1.003,1.157,0.34,0.816,0.92,1.248,0.038,0.28,1.553,0.826,0.996,1.642,1.645,0.813,0.646,0.777,1.286,0.994,0.45,1.023,0.913,1.003,1.028,1.531,0.734,0.825,0.994,0.823,0.781,1.003,1.464,1.749,1.451,0.427,1.392,0.408,0.0,0.682,1.657,0.859,1.548,0.671,0.819,0.355,1.409,0.967,0.19,0.187,1.342,1.377,1.13,1.165,0.763,1.666,0.959,0.917,0.632,1.623,1.518,1.165,1.142,0.74,0.805,1.292,1.337,0.26,0.482,0.601,0.95,1.706,1.426,0.133,1.467,0.753,1.411,0.389,0.66,0.335,1.169,0.983,0.653,0.985
56,47.60666163,-122.3352983,36.33869171,7.0,1.0,51.0,5.0,0.45,0.477,0.998,1.063,1.012,1.041,0.629,1.062,0.454,0.297,1.22,0.136,0.906,0.312,0.643,0.97,0.382,1.062,0.578,0.74,0.581,0.615,0.435,0.903,0.672,0.672,0.556,0.845,0.226,0.274,0.934,0.785,0.549,0.382,0.253,0.578,0.284,0.634,0.302,0.649,0.644,0.619,0.823,0.47,0.561,0.73,0.101,0.181,0.739,0.756,1.041,0.677,0.492,0.684,0.38,0.682,0.0,1.27,1.015,1.161,0.099,0.233,0.327,0.835,0.285,0.404,0.401,1.326,0.99,0.743,0.483,0.746,1.279,0.386,0.465,0.83,1.236,1.131,0.778,0.472,0.724,0.657,0.905,0.949,0.8,0.312,0.268,0.38,1.319,1.41,0.867,0.895,0.268,1.024,0.574,0.281,0.71,1.045,0.301,0.637,0.262
57,47.60918007,-122.3240756,101.786644,9.0,42.0,114.0,5.0,1.424,1.451,1.691,0.77,0.363,0.747,0.973,0.106,0.812,1.272,0.374,1.019,0.343,2.246,1.727,0.321,1.357,0.605,1.552,1.824,0.977,1.54,2.132,1.925,1.068,1.647,1.639,0.841,1.201,0.966,0.691,0.375,1.242,2.186,1.096,0.581,1.065,1.718,0.896,0.957,1.923,1.949,0.333,1.755,1.254,1.423,1.054,1.155,0.868,1.007,0.494,0.473,1.467,0.652,1.464,1.657,1.27,0.0,1.959,0.106,1.258,1.02,1.487,0.555,1.175,1.743,1.74,1.063,0.605,0.717,1.123,1.116,0.642,0.782,0.961,1.652,0.216,0.323,0.492,0.956,1.156,1.479,0.52,0.564,1.587,1.393,1.288,0.891,0.215,0.533,1.937,0.517,1.351,0.923,1.655,1.363,1.531,0.483,1.192,1.116,0.897
58,47.61118412,-122.339636,44.00923157,14.0,43.0,97.0,5.0,1.058,0.379,0.188,1.608,1.583,1.585,0.753,1.633,1.1,0.845,1.795,0.805,1.477,0.439,0.408,1.541,1.18,1.633,1.127,0.688,1.229,0.38,0.405,0.51,1.032,0.864,0.32,1.416,0.776,0.849,1.654,1.509,0.673,0.245,0.638,1.152,0.669,0.407,0.877,0.776,0.592,0.618,1.394,0.545,0.685,0.855,0.77,0.73,0.866,1.327,1.612,1.314,1.253,1.255,0.562,0.859,1.015,1.959,0.0,1.722,0.744,0.897,0.875,1.582,0.555,0.694,0.691,1.189,1.267,1.15,0.946,0.61,2.13,1.029,0.764,0.598,1.797,1.692,1.238,0.85,0.588,0.425,1.466,1.167,0.94,0.33,0.775,1.138,2.298,1.274,0.637,1.541,0.479,1.301,0.173,0.565,0.477,1.342,0.539,0.501,0.831
59,47.60906017,-122.3246171,100.9761658,5.0,24.0,91.0,5.0,1.316,1.343,1.582,0.755,0.349,0.733,0.864,0.11,0.703,1.163,0.16,0.91,0.235,1.488,1.618,0.307,1.248,0.591,1.443,1.931,0.963,1.431,1.32,2.031,0.861,1.538,1.53,0.265,1.092,0.857,0.355,0.266,1.133,1.373,0.987,0.472,0.956,1.609,0.787,0.848,2.029,2.055,0.227,1.646,1.145,1.314,0.946,1.047,0.759,0.898,0.48,0.363,1.358,0.826,1.355,1.548,1.161,0.106,1.722,0.0,0.883,0.923,1.434,0.541,1.07,1.646,1.643,0.992,0.441,0.646,1.025,1.019,0.394,0.681,0.864,1.554,0.203,0.308,0.39,0.859,1.059,1.381,0.264,0.464,1.486,1.296,0.954,0.789,0.225,0.354,1.839,0.5,1.438,0.356,1.558,1.525,1.433,0.469,1.086,1.019,0.799
